 1 1969 3369 1936.34556849 0.0510505494329 0.0241266661408 F
 2 1937 1381 793.735004476 1.78733187089 1.28709461771 P
 3 176 364 209.21038496 0.0 -0.2493790382 F
 4 198 408 234.499552372 0.0 -0.244084738531 F
 5 59 174 100.007162041 0.0 -0.761316463126 F
 6 356 528 303.470008953 0.0821231539007 0.230323294969 F
 7 600 1325 761.548791406 0.0 -0.343973970481 F
 8 111 241 138.515666965 0.0 -0.319489486519 F
 9 49 131 75.2927484333 0.0 -0.619729174061 F
 10 513 776 446.008952551 0.104730954449 0.201886156781 F
 11 365 832 478.195165622 0.0 -0.389703081013 F
 12 67 148 85.0635631155 0.0 -0.34438019181 F
 13 53 129 74.1432408236 0.0 -0.484322817499 F
 14 63 172 98.8576544315 0.0 -0.650000847841 F
 15 67 148 85.0635631155 0.0 -0.34438019181 F
 16 135 219 125.871083259 0.0142717601801 0.101012520811 F
 17 73 173 99.4324082363 0.0 -0.445819685396 F
 18 50 130 74.7179946285 0.0 -0.579527639893 F
 19 212 403 231.625783348 0.0 -0.127731590604 F
 20 284 477 274.157564906 0.0153872444268 0.0508856468602 F
 21 56 122 70.1199641898 0.0 -0.324398432144 F
 22 133 223 128.170098478 0.00755086262346 0.0533665189419 F
 23 854 1055 606.3652641 0.387141614189 0.494048959387 F
 24 303 140 80.4655326768 0.347900921812 1.91287494989 P
 25 3936 1987 1142.03581021 3.00287099566 1.78512233145 P
 26 337 508 291.974932856 0.070390275055 0.206904077771 F
 27 1473 3229 1855.88003581 0.0 -0.333346027217 F
 28 271 366 210.359892569 0.0948021649305 0.365433186431 F
 29 71 161 92.5353625783 0.0 -0.382185775249 F
 30 153 376 216.107430618 0.0 -0.498217025624 F
 31 174 351 201.738585497 0.0 -0.213399741095 F
 32 83 197 113.226499552 0.0 -0.448028404748 F
 33 84 224 128.744852283 0.0 -0.616053515918 F
 34 416 745 428.191584602 0.0 -0.0416729138474 F
 35 46 132 75.8675022381 0.0 -0.72184817994 F
 36 877 1827 1050.07520143 0.0 -0.259843902822 F
 37 112 213 122.42256043 0.0 -0.128370714807 F
 38 62 142 81.6150402865 0.0 -0.396566825757 F
 39 548 429 246.569382274 0.471243807895 1.15218222882 P
 40 424 221 127.020590868 0.464284977689 1.73900187853 P
 41 105 100 57.4753804834 0.074297968928 0.869373311252 P
 42 2188 1719 988.00179051 1.87602616474 1.14702717668 P
 43 318 461 264.961504029 0.082918128872 0.263243998216 F
 44 90 204 117.249776186 0.0 -0.381588262281 F
 45 220 429 246.569382274 0.0 -0.164490140614 F
 46 168 236 135.641897941 0.0505872805676 0.308658356778 F
 47 228 359 206.336615936 0.0338676133017 0.144033963703 F
 48 254 646 371.290957923 0.0 -0.547721684561 F
 49 49 113 64.9471799463 0.0 -0.406485134939 F
 50 690 1510 867.8782453 0.0 -0.330896299186 F
 51 253 351 201.738585497 0.0801399152839 0.326650337751 F
 52 279 672 386.234556849 0.0 -0.469212127589 F
 53 65 115 66.096687556 0.0 -0.0241382545549 F
 54 299 661 379.912264996 0.0 -0.345520803949 F
 55 193 220 126.445837064 0.104047947783 0.610081307104 F
 56 111 282 162.080572963 0.0 -0.546151502688 F
 57 788 1002 575.903312444 0.331582940843 0.452369009622 F
 58 96 288 165.529095792 0.0 -0.78597851736 F
 59 196 408 234.499552372 0.0 -0.258731514495 F
 60 228 494 283.928379588 0.0 -0.316493234059 F
 61 122 169 97.133393017 0.0388753957793 0.328841884642 F
 62 202 508 291.974932856 0.0 -0.531489220659 F
 63 275 556 319.563115488 0.0 -0.21666928095 F
 64 598 1615 928.227394808 0.0 -0.634332792022 F
 65 5422 1088 625.33213966 3.00287099566 3.11613053995 P
 66 395 708 406.925693823 0.0 -0.0429127236575 F
 67 1421 325 186.794986571 1.9295036272 2.92737891469 P
 68 280 282 162.080572963 0.184350217111 0.788715647907 F
 69 101 168 96.5586392122 0.00694343456441 0.064878043334 F
 70 294 706 405.776186213 0.0 -0.464868045074 F
 71 4982 1905 1094.90599821 3.00287099566 2.18591800722 P
 72 2146 1883 1082.2614145 1.66300366372 0.987601059503 P
 73 532 931 535.095792301 0.0 -0.00837093869659 F
 74 214 376 216.107430618 0.0 -0.0141378819155 F
 75 1243 2104 1209.28200537 0.0527132787743 0.0396755751212 F
 76 1222 273 156.90778872 1.6651198647 2.96125541226 P
 77 2153 3578 2056.4691137 0.150912282183 0.0661789154763 F
 78 180 234 134.492390331 0.0711446615154 0.420472360107 F
 79 817 528 303.470008953 0.80283094755 1.42878213215 P
 80 1707 950 546.016114593 1.81503282975 1.64444762317 P
 81 55 103 59.1996418979 0.0 -0.106156830298 F
 82 25 78 44.8307967771 0.0 -0.842562045727 F
 83 133 296 170.127126231 0.0 -0.355186946767 F
 84 852 461 264.961504029 0.917751017828 1.68507066316 P
 85 968 1470 844.888093107 0.192467919282 0.196246780912 F
 86 111 279 160.356311549 0.0 -0.530721462118 F
 87 147 305 175.299910474 0.0 -0.254009104253 F
 88 200 399 229.326768129 0.0 -0.197404763087 F
 89 58 118 67.8209489705 0.0 -0.225678070873 F
 90 90 182 104.60519248 0.0 -0.216957560508 F
 91 45 119 68.3957027753 0.0 -0.603980683617 F
 92 796 1240 712.694717995 0.13023593491 0.15948419863 F
 93 131 244 140.23992838 0.0 -0.0983303526644 F
 94 38 107 61.4986571173 0.0 -0.694555489597 F
 95 70 124 71.2694717995 0.0 -0.0259293100809 F
 96 57 129 74.1432408236 0.0 -0.379353257898 F
 97 763 1443 829.369740376 0.0 -0.120332354296 F
 98 76 170 97.7081468218 0.0 -0.362479439333 F
 99 2902 6295 3618.07520143 0.0 -0.318174875179 F
 100 2001 2736 1572.52641003 0.669857387563 0.347636920381 F
 101 164 306 175.874664279 0.0 -0.100851854714 F
 102 25 33 18.9668755595 0.00943193016117 0.398446053777 F
 103 758 371 213.233661594 0.851664524528 1.82976264491 P
 104 2038 899 516.703670546 2.37832998067 1.97974501401 P
 105 1018 1326 762.12354521 0.400026366981 0.417640769324 F
 106 186 356 204.612354521 0.0 -0.137590636497 F
 107 96 292 167.828111012 0.0 -0.805878074798 F
 108 210 419 240.821844226 0.0 -0.197576932672 F
 109 257 570 327.609668756 0.0 -0.350209576497 F
 110 130 270 155.183527305 0.0 -0.255463800661 F
 111 514 1029 591.421665175 0.0 -0.202418734339 F
 112 1202 2295 1319.05998209 0.0 -0.134073274229 F
 113 71 119 68.3957027753 0.00407144752023 0.0539133395578 F
 114 342 728 418.420769919 0.0 -0.290958141952 F
 115 329 714 410.374216652 0.0 -0.318852506933 F
 116 505 1303 748.904207699 0.0 -0.568497807568 F
 117 488 1204 692.003581021 0.0 -0.503898355836 F
 118 966 1524 875.924798568 0.140819739017 0.141216174703 F
 119 558 1093 628.205908684 0.0 -0.170972390482 F
 120 781 1876 1078.23813787 0.0 -0.465281391012 F
 121 138 284 163.230080573 0.0 -0.242238679366 F
 122 47 107 61.4986571173 0.0 -0.387894151362 F
 123 627 1080 620.734109221 0.00979582715507 0.0144900191122 F
 124 746 724 416.1217547 0.515717618965 0.842169916533 P
 125 79 156 89.6615935542 0.0 -0.182637487324 F
 126 235 412 236.798567592 0.0 -0.0109995972572 F
 127 148 334 191.967770815 0.0 -0.375266943484 F
 128 219 447 256.914950761 0.0 -0.230359978221 F
 129 392 212 121.847806625 0.422344449538 1.68577337291 P
 130 274 282 162.080572963 0.174970072291 0.757464713923 F
 131 552 333 191.39301701 0.563757620576 1.52813007307 P
 132 635 1144 657.518352731 0.0 -0.0502745717578 F
 133 403 573 329.33393017 0.115166400551 0.291228683132 F
 134 694 1222 702.349149508 0.0 -0.0172527338795 F
 135 1048 504 289.675917637 1.18553161881 1.8551270614 P
 136 1396 792 455.205013429 1.47079886995 1.61671058949 P
 137 2163 4260 2448.45120859 0.0 -0.17883578179 F
 138 627 479 275.307072516 0.549821765313 1.18742377043 P
 139 1684 1804 1036.85586392 1.01171761928 0.699676783172 F
 140 223 390 224.153983885 0.0 -0.00744643046829 F
 141 80 107 61.4986571173 0.0289242125999 0.379445091847 F
 142 198 440 252.891674127 0.0 -0.353019110084 F
 143 264 665 382.211280215 0.0 -0.533832427669 F
 144 1436 2876 1652.9919427 0.0 -0.203023943255 F
 145 547 890 511.530886303 0.0554509038515 0.0967194802998 F
 146 333 717 412.098478066 0.0 -0.30746695827 F
 147 1262 2274 1306.99015219 0.0 -0.0505363605487 F
 148 411 798 458.653536258 0.0 -0.15826636918 F
 149 190 486 279.33034915 0.0 -0.555972911914 F
 150 147 422 242.54610564 0.0 -0.72244286051 F
 151 163 294 168.977618621 0.0 -0.0519602072443 F
 152 31 76 43.6812891674 0.0 -0.494747219696 F
 153 878 472 271.283795882 0.948514309851 1.69441806353 P
 154 575 443 254.615935542 0.500874820425 1.17523924064 P
 155 121 191 109.777976723 0.0175440339175 0.1404183926 F
 156 739 1507 866.153983885 0.0 -0.229049164091 F
 157 712 1198 688.555058192 0.0366528249088 0.0483052215386 F
 158 734 1492 857.532676813 0.0 -0.224411584051 F
 159 568 1193 685.681289167 0.0 -0.27164722483 F
 160 409 632 363.244404655 0.0715323517743 0.171160268126 F
 161 243 384 220.705461056 0.0348543339967 0.138833986246 F
 162 47 135 77.5917636526 0.0 -0.723242762012 F
 163 98 188 108.053715309 0.0 -0.140895024201 F
 164 158 319 183.346463742 0.0 -0.214647882227 F
 165 199 413 237.373321397 0.0 -0.254389367515 F
 166 279 722 414.97224709 0.0 -0.572749731697 F
 167 176 452 259.788719785 0.0 -0.561763360417 F
 168 746 1861 1069.6168308 0.0 -0.519846536443 F
 169 555 1066 612.687555953 0.0 -0.142663778161 F
 170 1480 3024 1738.05550582 0.0 -0.231876980344 F
 171 98 194 111.502238138 0.0 -0.186219014711 F
 172 859 1869 1074.21486124 0.0 -0.322552549246 F
 173 152 354 203.462846911 0.0 -0.420694053278 F
 174 83 205 117.824529991 0.0 -0.505456684798 F
 175 377 255 146.562220233 0.360256624359 1.36305125977 P
 176 2840 1200 689.704565801 3.00287099566 2.04184050726 P
 177 944 1390 798.90778872 0.226830992337 0.240757865112 F
 178 152 125 71.8442256043 0.125312128662 1.08112721214 P
 179 171 185 106.329453894 0.10110318134 0.685455037731 F
 180 1210 724 416.1217547 1.24111548502 1.53992942844 P
 181 8750 2847 1636.32408236 3.00287099566 2.41882450723 P
 182 1973 2590 1488.61235452 0.757271043913 0.406422841511 F
 183 166 394 226.452999105 0.0 -0.448028404748 F
 184 1517 3767 2165.09758281 0.0 -0.513210964339 F
 185 182 296 170.127126231 0.0185615458966 0.0973252579308 F
 186 37 77 44.2560429722 0.0 -0.258349191705 F
 187 1553 1720 988.576544315 0.882395625663 0.651633248159 F
 188 132 193 110.927484333 0.0329438747787 0.250921065451 F
 189 83 220 126.445837064 0.0 -0.607336298817 F
 190 313 703 404.051924799 0.0 -0.368378048779 F
 191 522 1231 707.521933751 0.0 -0.438725066554 F
 192 629 1487 854.658907789 0.0 -0.442288741812 F
 193 178 323 185.645478962 0.0 -0.0606729403665 F
 194 81 173 99.4324082363 0.0 -0.295794241391 F
 195 510 366 210.359892569 0.46844460025 1.27763758194 P
 196 388 437 251.167412713 0.213918247469 0.627407356048 F
 197 531 623 358.071620412 0.270348873996 0.568463681141 F
 198 1171 323 185.645478962 1.54046135102 2.65711898917 P
 199 178 290 166.678603402 0.0176993899419 0.0948083243125 F
 200 116 139 79.890778872 0.0564516205847 0.538023905765 F
 201 1054 1229 706.372426141 0.543466164354 0.577373934626 F
 202 194 300 172.42614145 0.0337276529194 0.170078135052 F
 203 155 290 166.678603402 0.0 -0.10480070138 F
 204 546 651 374.164726947 0.268639957729 0.545227391115 F
 205 1537 2529 1453.55237243 0.130458471918 0.0805341113885 F
 206 449 772 443.709937332 0.00827025898833 0.0170985808341 F
 207 806 1507 866.153983885 0.0 -0.103843689709 F
 208 418 743 427.042076992 0.0 -0.0308752850967 F
 209 1072 1789 1028.23455685 0.0684210324765 0.0601355017669 F
 210 734 1131 650.046553268 0.131249248077 0.175237022214 F
 211 804 1510 867.8782453 0.0 -0.110297159673 F
 212 235 341 195.991047449 0.0609849373665 0.261873000902 F
 213 126 116 66.6714413608 0.0927517453303 0.918282911733 P
 214 1103 1418 815.000895255 0.450245551743 0.436559241713 F
 215 4560 712 409.224709042 3.00287099566 3.47806866145 P
 216 103 91 52.3025962399 0.0792581648756 0.977689870346 P
 217 84 74 42.5317815577 0.0648296490674 0.981848040511 P
 218 43 47 27.0134288272 0.0249927254619 0.670659886385 F
 219 37 40 22.9901521934 0.0219024002214 0.686509254103 F
 220 302 491 282.204118174 0.0309480397275 0.0978095083714 F
 221 1294 1679 965.011638317 0.514326412765 0.423219370416 F
 222 1461 2040 1172.49776186 0.451032129092 0.317371009306 F
 223 102 153 87.9373321397 0.021984976847 0.21402148264 F
 224 222 375 215.532676813 0.0101107380152 0.0426530643279 F
 225 679 1161 667.289167413 0.0183082176047 0.0250994907402 F
 226 170 241 138.515666965 0.0492212672367 0.295485583269 F
 227 112 249 143.113697404 0.0 -0.353663026649 F
 228 1240 967 555.786929275 1.06966961516 1.15773630916 P
 229 204 329 189.094001791 0.0233034036479 0.109465551597 F
 230 234 424 243.69561325 0.0 -0.0585717516188 F
 231 1216 2252 1294.34556849 0.0 -0.0900796152756 F
 232 73 116 66.6714413608 0.00989379942266 0.130827547113 F
 233 55 95 54.6016114593 0.000622823701101 0.0104880885547 F
 234 70 60 34.4852282901 0.0555222836465 1.0213764047 P
 235 688 726 417.27126231 0.423245794399 0.721423000067 F
 236 184 176 101.156669651 0.129513739337 0.863114320781 P
 237 2832 2094 1203.53446732 2.54587375507 1.23454380651 P
 238 510 398 228.752014324 0.439691139316 1.15671279968 P
 239 356 572 328.759176365 0.0425871451171 0.114846077549 F
 240 642 1117 642.0 0.0 0.0 F
 241 200 314 180.472694718 0.0305281585807 0.148219424244 F
 242 80 102 58.6248880931 0.0334169408708 0.448486736277 F
 243 646 1058 608.089525515 0.059267623476 0.0872504259409 F
 244 225 219 125.871083259 0.154973932476 0.837978114977 F
 245 35 42 24.139659803 0.0169785939732 0.535949577527 F
 246 533 778 447.158460161 0.134201012539 0.253349361134 F
 247 252 364 209.21038496 0.0668954643097 0.268469266662 F
 248 778 1094 628.780662489 0.23328316596 0.307213305555 F
 249 74 102 58.6248880931 0.024036796051 0.336012007018 F
 250 943 1505 865.004476276 0.121934884637 0.124550172389 F
 251 3197 763 438.537153089 3.00287099566 2.86594776531 P
 252 228 268 154.034019696 0.115635267831 0.565784807068 F
 253 573 791 454.630259624 0.185054217833 0.333841427645 F
 254 417 460 264.386750224 0.238589064052 0.657397505861 F
 255 324 504 289.675917637 0.0536608105623 0.161554062746 F
 256 514 753 432.78961504 0.126960861965 0.248102477883 F
 257 144 270 155.183527305 0.0 -0.107906612248 F
 258 384 640 367.842435094 0.0252600497921 0.0620183891948 F
 259 407 572 328.759176365 0.122318376085 0.307997630849 F
 260 397 671 385.659803044 0.0177287816221 0.0418102243038 F
 261 761 1161 667.289167413 0.146503530141 0.189584369999 F
 262 43 74 42.5317815577 0.000731992799272 0.0157953724342 F
 263 51 104 59.7743957028 0.0 -0.229030392809 F
 264 108 218 125.296329454 0.0 -0.214312839252 F
 265 700 807 463.826320501 0.369223886051 0.593770231916 F
 266 4309 1669 959.264100269 3.00287099566 2.16735312711 P
 267 57 71 40.8075201432 0.0253146343412 0.482126878021 F
 268 121 230 132.193375112 0.0 -0.127642830309 F
 269 90 115 66.096687556 0.0373694220661 0.445347028746 F
 270 666 915 525.899731423 0.219026801422 0.340734417261 F
 271 241 159 91.3858549687 0.233900391246 1.39899036431 P
 272 30 56 32.1862130707 0.0 -0.101480343088 F
 273 185 92 52.8773500448 0.206554931758 1.80680348782 P
 274 93 87 50.0035810206 0.0672187727928 0.89519929862 P
 275 253 518 297.722470904 0.0 -0.234830729631 F
 276 306 478 274.732318711 0.0488825631116 0.155505018073 F
 277 93 119 68.3957027753 0.0384653118592 0.443325031161 F
 278 184 265 152.309758281 0.0495431761159 0.272697389967 F
 279 411 198 113.801253357 0.464627880625 1.85262194696 P
 280 321 244 140.23992838 0.282592608237 1.19467613292 P
 281 296 237 136.216651746 0.249798491068 1.11969410009 P
 282 48 101 58.0501342883 0.0 -0.27426499867 F
 283 24 45 25.8639212175 0.0 -0.107906612248 F
 284 195 309 177.598925694 0.0272040995018 0.134851269206 F
 285 58 51 29.3124440466 0.0448489048946 0.984539636517 P
 286 164 84 48.2793196061 0.180912790122 1.7642185652 P
 287 1556 561 322.436884512 1.92850011126 2.27075336774 P
 288 207 149 85.6383169203 0.189731693809 1.2733024204 P
 289 19 12 6.89704565801 0.0189212440791 1.46194899608 P
 290 125 144 82.7645478962 0.0660291095435 0.594843266581 F
 291 204 292 167.828111012 0.0565495928523 0.281584766452 F
 292 439 713 409.799462847 0.045650877885 0.0993028464525 F
 293 36 58 33.3357206804 0.00416522097635 0.110927989676 F
 294 350 786 451.7564906 0.0 -0.368190407065 F
 295 323 573 329.33393017 0.0 -0.028016990702 F
 296 571 852 489.690241719 0.127116217989 0.221621298498 F
 297 38 87 50.0035810206 0.0 -0.396031999044 F
 298 12 18 10.345568487 0.00258646786435 0.21402148264 F
 299 90 240 137.94091316 0.0 -0.616053515918 F
 300 393 525 301.745747538 0.142663017252 0.381195873066 F
 301 325 694 398.879140555 0.0 -0.295511961301 F
 302 87 202 116.100268577 0.0 -0.416284003542 F
 303 208 375 215.532676813 0.0 -0.0513230838811 F
 304 53 82 47.1298119964 0.00917720226544 0.169352433306 F
 305 21 37 21.2658907789 0.0 -0.0181519594892 F
 306 74 79 45.4055505819 0.044703346097 0.704656600813 F
 307 170 89 51.1530886303 0.185800206671 1.73264148853 P
 308 41 77 44.2560429722 0.0 -0.110250552716 F
 309 32 72 41.3822739481 0.0 -0.370941018081 F
 310 257 251 144.263205013 0.176247910581 0.833064978604 F
 311 545 601 345.427036705 0.312003882968 0.657875222314 F
 312 3427 877 504.05908684 3.00287099566 2.76528142744 P
 313 74 120 68.9704565801 0.00786297427592 0.101546753381 F
 314 161 337 193.692032229 0.0 -0.266703919706 F
 315 303 676 388.533572068 0.0 -0.358721469448 F
 316 141 285 163.804834378 0.0 -0.216282773292 F
 317 201 399 229.326768129 0.0 -0.190209261682 F
 318 248 462 265.536257833 0.0 -0.0985687476682 F
 319 769 1528 878.223813787 0.0 -0.191605056713 F
 320 59 93 53.4521038496 0.00867334488927 0.142468221615 F
 321 30 45 25.8639212175 0.00646616966087 0.21402148264 F
 322 453 829 476.470904208 0.0 -0.0728770680885 F
 323 152 286 164.379588183 0.0 -0.112959839974 F
 324 24 57 32.7609668756 0.0 -0.448943530083 F
 325 102 233 133.917636526 0.0 -0.392776819322 F
 326 109 251 144.263205013 0.0 -0.404375245813 F
 327 66 121 69.545210385 0.0 -0.0754851345551 F
 328 38 78 44.8307967771 0.0 -0.238490722058 F
 329 17 21 12.0698299015 0.0077076182516 0.494129401833 F
 330 511 1019 585.674127126 0.0 -0.196774871867 F
 331 444 716 411.523724261 0.0507720282722 0.109584072447 F
 332 170 323 185.645478962 0.0 -0.127015435195 F
 333 107 182 104.60519248 0.00374394022572 0.0326563295635 F
 334 50 92 52.8773500448 0.0 -0.0807217829213 F
 335 15 41 23.5649059982 0.0 -0.651677425649 F
 336 53 117 67.2461951656 0.0 -0.343460281659 F
 337 56 128 73.5684870188 0.0 -0.393661094581 F
 338 60 131 75.2927484333 0.0 -0.327548422568 F
 339 96 177 101.731423456 0.0 -0.0836590660008 F
 340 467 698 401.178155774 0.102903071856 0.219179496861 F
 341 288 578 332.207699194 0.0 -0.206016697697 F
 342 46 95 54.6016114593 0.0 -0.247309668913 F
 343 451 763 438.537153089 0.0194838848158 0.0404283597819 F
 344 113 224 128.744852283 0.0 -0.188191976281 F
 345 22 46 26.4386750224 0.0 -0.265146354059 F
 346 245 295 169.552372426 0.117951612158 0.531050778114 F
 347 240 527 302.895255148 0.0 -0.335784572668 F
 348 138 227 130.469113697 0.0117734673565 0.0809599528483 F
 349 385 880 505.783348254 0.0 -0.393661094581 F
 350 131 331 190.2435094 0.0 -0.538280421909 F
 351 182 349 200.589077887 0.0 -0.14030460265 F
 352 13953 1261 724.764547896 3.00287099566 4.26691914828 P
 353 39 69 39.6580125336 0.0 -0.0241382545549 F
 354 40 45 25.8639212175 0.0220997443604 0.629058981919 F
 355 14 11 6.32229185318 0.0120030023835 1.14690728678 P
 356 56 83 47.7045658013 0.0129687290211 0.231299474072 F
 357 229 422 242.54610564 0.0 -0.0829114172492 F
 358 123 175 100.581915846 0.0350474793242 0.290287376868 F
 359 2972 1160 666.714413608 3.00287099566 2.15629329388 P
 360 46 50 28.7376902417 0.0269871609093 0.678689749643 F
 361 16 40 22.9901521934 0.0 -0.522944111526 F
 362 20 31 17.8173679499 0.00341223411974 0.166715767861 F
 363 23 11 6.32229185318 0.0260732196131 1.86311432078 P
 364 33 34 19.5416293644 0.0210402442666 0.755915261469 F
 365 197 195 112.076991943 0.132765019017 0.813705489068 F
 366 610 771 443.135183527 0.260869357305 0.461062365896 F
 367 546 527 302.895255148 0.380059618846 0.850081972644 P
 368 255 357 205.187108326 0.0778753562988 0.313557156191 F
 369 381 147 84.4888093107 0.463552984889 2.17295882602 P
 370 18 15 8.62130707252 0.0146622496466 1.06201838919 P
 371 12 15 8.62130707252 0.00528210482687 0.477055888474 F
 372 143 138 79.3160250671 0.0995608179277 0.850330863361 P
 373 234 290 166.678603402 0.105247408259 0.489439612929 F
 374 473 579 332.782452999 0.219210149523 0.507260818711 F
 375 36 29 16.6678603402 0.0302230449474 1.11092798968 P
 376 23 19 10.9203222919 0.0188848543797 1.07461842597 P
 377 513 529 304.044762757 0.326671731029 0.754675086854 F
 378 103 160 91.9606087735 0.0172585147377 0.163556415657 F
 379 204 293 168.402864816 0.0556510471982 0.27665247091 F
 380 161 275 158.057296329 0.00460049776521 0.0266130530636 F
 381 17 48 27.5881826321 0.0 -0.69851567611 F
 382 52 66 37.9337511191 0.0219905752622 0.455029582144 F
 383 22 50 28.7376902417 0.0 -0.385440587776 F
 384 157 228 131.043867502 0.0405787136315 0.260714718088 F
 385 66 83 47.7045658013 0.0286023037207 0.468338671373 F
 386 189 228 131.043867502 0.0906061526701 0.528336393417 F
 387 38 44 25.2891674127 0.0198715750747 0.587479878167 F
 388 23 22 12.6445837064 0.0161892174172 0.863114320781 P
 389 30 60 34.4852282901 0.0 -0.201016016639 F
 390 38 67 38.5085049239 0.0 -0.0191776936532 F
 391 99 131 75.2927484333 0.0370629088289 0.394917601903 F
 392 133 166 95.4091316025 0.0587679649113 0.479226987515 F
 393 96 179 102.880931065 0.0 -0.0998692931821 F
 394 275 343 197.140555058 0.121722144856 0.4802070256 F
 395 83 117 67.2461951656 0.024628828468 0.303658695125 F
 396 105 133 76.442256043 0.0446459623403 0.457947065526 F
 397 17 48 27.5881826321 0.0 -0.69851567611 F
 398 104 141 81.0402864816 0.0358942396369 0.359872349103 F
 399 249 366 210.359892569 0.0604083005915 0.243286077145 F
 400 3236 4930 2833.53625783 0.629194697702 0.191607944526 F
 401 67 118 67.8209489705 0.0 -0.0175698755431 F
 402 48 91 52.3025962399 0.0 -0.123848156117 F
 403 54 111 63.7976723366 0.0 -0.240544380826 F
 404 108 221 127.020590868 0.0 -0.234031073867 F
 405 111 176 101.156669651 0.0153886440306 0.133968231074 F
 406 384 757 435.08863026 0.0 -0.180203005904 F
 407 208 308 177.024171889 0.0484262922654 0.232637160807 F
 408 35 102 58.6248880931 0.0 -0.744158341666 F
 409 726 1307 751.203222919 0.0 -0.0492337044387 F
 410 38 31 17.8173679499 0.0315526685789 1.09271518642 P
 411 440 849 487.965980304 0.0 -0.149277046667 F
 412 4199 912 524.175470009 3.00287099566 3.00192404203 P
 413 147 160 91.9606087735 0.0860462434157 0.67672823331 F
 414 109 57 32.7609668756 0.119188861937 1.73427829397 P
 415 358 561 322.436884512 0.0555978622529 0.150942800016 F
 416 648 308 177.024171889 0.736303579046 1.87204744555 P
 417 113 97 55.7511190689 0.0895004656501 1.01925010359 P
 418 90 128 73.5684870188 0.0256883285618 0.290837079691 F
 419 191 113 64.9471799463 0.19706561784 1.55623384898 P
 420 219 145 83.339301701 0.212086166065 1.39386195295 P
 421 28 30 17.242614145 0.0168176395336 0.69944830981 F
 422 139 89 51.1530886303 0.137336125102 1.44219162512 P
 423 132 202 116.100268577 0.0248569638911 0.185166619968 F
 424 75 124 71.2694717995 0.00583214912919 0.07360636347 F
 425 219 355 204.037600716 0.0233915786888 0.10209582857 F
 426 77 158 90.8111011638 0.0 -0.238010224121 F
 427 76 103 59.1996418979 0.0262649653368 0.360410969621 F
 428 14 25 14.3688451209 0.0 -0.0375172843561 F
 429 95 115 66.096687556 0.0451862094158 0.523349540748 F
 430 36 31 17.8173679499 0.028425953639 1.01471267442 P
 431 71 138 79.3160250671 0.0 -0.159793353912 F
 432 37 60 34.4852282901 0.00393148713796 0.101546753381 F
 433 152 192 110.352730528 0.065109569832 0.461948996083 F
 434 59 60 34.4852282901 0.038325351477 0.774736437114 F
 435 359 770 442.560429722 0.0 -0.301890618398 F
 436 920 286 164.379588183 1.18130481527 2.48460269753 P
 437 700 817 469.57385855 0.360238429509 0.576002827048 F
 438 203 348 200.014324082 0.0046676787487 0.0213764046975 F
 439 65 121 69.545210385 0.0 -0.0975114408851 F
 440 269 524 301.170993733 0.0 -0.16297665562 F
 441 71 175 100.581915846 0.0 -0.502480008967 F
 442 66 167 95.9838854073 0.0 -0.540326189755 F
 443 33 73 41.9570277529 0.0 -0.346446456161 F
 444 35 92 52.8773500448 0.0 -0.595294955751 F
 445 232 530 304.619516562 0.0 -0.392883570962 F
 446 383 757 435.08863026 0.0 -0.1839649247 F
 447 54 132 75.8675022381 0.0 -0.490522633834 F
 448 85 237 136.216651746 0.0 -0.6803683294 F
 449 114 277 159.206803939 0.0 -0.481868168523 F
 450 72 180 103.45568487 0.0 -0.522944111526 F
 451 2353 1143 656.943598926 2.65154244408 1.84065990037 P
 452 698 603 346.576544315 0.549400484562 1.01005301767 P
 453 538 1245 715.568487019 0.0 -0.411483681038 F
 454 91 124 71.2694717995 0.0308458686485 0.352582313173 F
 455 790 479 275.307072516 0.804649032916 1.52081098069 P
 456 23 72 41.3822739481 0.0 -0.847379062024 F
 457 23 57 32.7609668756 0.0 -0.510344074747 F
 458 33 66 37.9337511191 0.0 -0.201016016639 F
 459 71 143 82.1897940913 0.0 -0.211140233913 F
 460 11 38 21.8406445837 0.0 -0.989511911445 F
 461 70 131 75.2927484333 0.0 -0.105156001231 F
 462 194 381 218.981199642 0.0 -0.174750361945 F
 463 73 145 83.339301701 0.0 -0.191100547774 F
 464 84 196 112.651745748 0.0 -0.423408437975 F
 465 103 241 138.515666965 0.0 -0.427404825686 F
 466 24 86 49.4288272158 0.0 -1.04231827062 F
 467 521 1052 604.641002686 0.0 -0.214795443653 F
 468 77 145 83.339301701 0.0 -0.114138565959 F
 469 477 382 219.555953447 0.402477073274 1.11940061133 P
 470 544 971 558.085944494 0.0 -0.0368806608078 F
 471 350 845 485.666965085 0.0 -0.472612435976 F
 472 60 151 86.78782453 0.0 -0.532530160356 F
 473 144 224 128.744852283 0.0238492491388 0.161554062746 F
 474 464 789 453.480752014 0.0164453449167 0.0330834884751 F
 475 235 257 147.711727842 0.136462772317 0.669876380732 F
 476 205 297 170.701880036 0.0536202220514 0.264144962066 F
 477 946 1790 1028.80931065 0.0 -0.121063515451 F
 478 45 77 44.2560429722 0.00116307077666 0.0240505389958 F
 479 33 42 24.139659803 0.0138518790333 0.451060679941 F
 480 907 1280 735.684870188 0.267826787908 0.302014629002 F
 481 657 1268 728.78782453 0.0 -0.149605486456 F
 482 1356 3125 1796.10564011 0.0 -0.405515027939 F
 483 158 208 119.548791406 0.0601129841849 0.402325013397 F
 484 77 177 101.731423456 0.0 -0.401835026027 F
 485 13 24 13.794091316 0.0 -0.0855387992191 F
 486 12 34 19.5416293644 0.0 -0.703516357168 F
 487 82 75 43.1065353626 0.0608043884733 0.927717297483 P
 488 50 46 26.4386750224 0.0368347734058 0.919278217079 P
 489 48 110 63.2229185318 0.0 -0.397413229442 F
 490 36 55 31.6114592659 0.00686085793887 0.187549271279 F
 491 1362 843 484.517457475 1.37181888761 1.49110615043 P
 492 505 446 256.340196956 0.388744160566 0.97822366108 P
 493 803 1498 860.981199642 0.0 -0.10058174758 F
 494 27 89 51.1530886303 0.0 -0.921861945442 F
 495 27 40 22.9901521934 0.00626882552187 0.231943390637 F
 496 27 23 13.2193375112 0.0215441016428 1.03030952947 P
 497 274 112 64.3724261415 0.3277228335 2.08966114426 P
 498 600 512 294.273948075 0.477959107036 1.02780267386 P
 499 285 555 318.988361683 0.0 -0.162541868824 F
 500 593 1449 832.818263205 0.0 -0.48996960165 F
 501 69 219 125.871083259 0.0 -0.867278619462 F
 502 120 223 128.170098478 0.0 -0.0950253209508 F
 503 230 439 252.316920322 0.0 -0.13360309523 F
 504 179 316 181.622202328 0.0 -0.0209809875518 F
 505 2457 1978 1136.86302596 2.06384599973 1.11183941496 P
 506 607 1284 737.983885407 0.0 -0.281892797506 F
 507 83 240 137.94091316 0.0 -0.732867180901 F
 508 35 76 43.6812891674 0.0 -0.319660513138 F
 509 76 61 35.0599820949 0.064003882812 1.11617415924 P
 510 380 363 208.635631155 0.267903766118 0.865013853696 P
 511 1226 1025 589.122649955 0.995666962638 1.05731905266 P
 512 155 203 116.675022381 0.0599156400459 0.40977247145 F
 513 74 116 66.6714413608 0.0114571568926 0.150456353862 F
 514 247 165 94.8343777977 0.23788926214 1.3810290007 P
 515 2057 237 136.216651746 3.00287099566 3.91656681299 P
 516 273 312 179.323187108 0.146450345196 0.606338905419 F
 517 1173 1919 1102.95255148 0.109509201899 0.0888322851941 F
 518 129 176 101.156669651 0.0435290784898 0.350779620147 F
 519 723 615 353.473589973 0.577701873461 1.03239322009 P
 520 546 904 519.57743957 0.0413079072231 0.0715621618657 F
 521 222 410 235.649059982 0.0 -0.0860802497943 F
 522 124 264 151.735004476 0.0 -0.291213825611 F
 523 313 502 288.526410027 0.0382609697011 0.117459276343 F
 524 61 119 68.3957027753 0.0 -0.165096442384 F
 525 112 171 98.2829006267 0.0214447297714 0.188486390533 F
 526 490 765 439.686660698 0.0786577348357 0.156305984784 F
 527 175 166 95.4091316025 0.124428978649 0.875155663846 P
 528 494 799 459.228290063 0.0543606124736 0.105299522018 F
 529 1853 201 115.525514772 2.71629371534 4.00357945821 P
 530 215 414 237.948075201 0.0 -0.146310124549 F
 531 323 639 367.267681289 0.0 -0.185297782892 F
 532 469 919 528.198746643 0.0 -0.171492955413 F
 533 639 862 495.437779767 0.224439069404 0.367112045219 F
 534 34061 2394 1375.96060877 3.00287099566 4.62960971782 P
 535 203 256 147.136974038 0.0873338789326 0.464319900546 F
 536 168 238 136.791405551 0.0487901892593 0.296483642832 F
 537 131 235 135.067144136 0.0 -0.0441099616665 F
 538 21 21 12.0698299015 0.0139610481314 0.798983983361 F
 539 124 70 40.2327663384 0.130958130482 1.6238972768 P
 540 870 479 275.307072516 0.929717630512 1.65997372836 P
 541 2967 1111 638.551477171 3.00287099566 2.21613009345 P
 542 2526 567 325.885407341 3.00287099566 2.95441798221 P
 543 361 331 190.2435094 0.266953435123 0.924151603441 P
 544 3915 550 316.114592659 3.00287099566 3.63049276713 P
 545 1304 1253 720.166517457 0.912740436143 0.85654143827 P
 546 348 342 196.565801253 0.236745785817 0.824074964324 F
 547 195 134 77.0170098478 0.184449588982 1.34022510665 P
 548 196 179 102.880931065 0.145578392014 0.929878050212 P
 549 166 114 65.5219337511 0.157083135437 1.34113340054 P
 550 50 64 36.7842435094 0.0206609516307 0.442840173136 F
 551 56 60 34.4852282901 0.0336352790671 0.69944830981 F
 552 259 332 190.818263205 0.106592427533 0.440752839701 F
 553 108 82 47.1298119964 0.095161863113 1.19631948091 P
 554 1357 429 246.569382274 1.73600000109 2.46035515128 P
 555 145 222 127.595344673 0.0272096979171 0.184477207026 F
 556 144 257 147.711727842 0.0 -0.0367155643906 F
 557 468 766 440.261414503 0.0433653248425 0.0881481210195 F
 558 242 374 214.957923008 0.0422764330684 0.170952760748 F
 559 47 135 77.5917636526 0.0 -0.723242762012 F
 560 39 64 36.7842435094 0.00346401946118 0.0843862022233 F
 561 120 182 104.60519248 0.0240675873351 0.198079938771 F
 562 61 90 51.7278424351 0.0144956967917 0.237868224594 F
 563 60 133 76.442256043 0.0 -0.349407856532 F
 564 165 183 105.179946285 0.0935201278289 0.649606359323 F
 565 195 237 136.216651746 0.0918993866022 0.517571048212 F
 566 90 136 78.1665174575 0.0184999633284 0.20337423844 F
 567 249 393 225.8782453 0.0361475679288 0.14060041317 F
 568 100 135 77.5917636526 0.0350320836822 0.366024576085 F
 569 55 98 56.3258728738 0.0 -0.0343661472295 F
 570 178 288 165.529095792 0.0194964812502 0.104792412885 F
 571 208 407 233.924798568 0.0 -0.169461282764 F
 572 41 112 64.3724261415 0.0 -0.650818934079 F
 573 147 248 142.538943599 0.00697422584851 0.0444600178105 F
 574 60 70 40.2327663384 0.0309032524052 0.576591562025 F
 575 59 90 51.7278424351 0.0113689818518 0.189773936393 F
 576 279 363 208.635631155 0.110004661653 0.419279557194 F
 577 343 361 207.486123545 0.211856631038 0.725193722647 F
 578 127 132 75.8675022381 0.0799383723335 0.743274550775 F
 579 2062 1038 596.594449418 2.29095271402 1.78922187237 P
 580 350 607 348.875559534 0.00175790240131 0.00464238893766 F
 581 314 566 325.310653536 0.0 -0.0510535105792 F
 582 109 218 125.296329454 0.0 -0.201016016639 F
 583 59 181 104.030438675 0.0 -0.81821885436 F
 584 37 105 60.3491495076 0.0 -0.705808168676 F
 585 51 76 43.6812891674 0.0114417612506 0.223481811889 F
 586 54 140 80.4655326768 0.0 -0.57541153142 F
 587 115 325 186.794986571 0.0 -0.69982187361 F
 588 94 192 110.352730528 0.0 -0.231389665683 F
 589 55 171 98.2829006267 0.0 -0.837508818 F
 590 61 172 98.8576544315 0.0 -0.696543433778 F
 591 529 1084 623.03312444 0.0 -0.236041145879 F
 592 284 593 340.829006267 0.0 -0.26315719168 F
 593 106 139 79.890778872 0.0408180458852 0.407963365201 F
 594 154 255 146.562220233 0.011627908559 0.0714170871971 F
 595 55 97 55.7511190689 0.0 -0.0195691453015 F
 596 115 208 119.548791406 0.0 -0.0559656838357 F
 597 238 305 175.299910474 0.0980226533266 0.441136314219 F
 598 534 909 522.451208594 0.0180548893128 0.0315434308545 F
 599 387 645 370.716204118 0.0254573939311 0.0620183891948 F
 600 1158 1944 1117.3213966 0.0635951984958 0.0515910177445 F
 601 717 1264 726.488809311 0.0 -0.0189674561142 F
 602 173 224 128.744852283 0.0691866157675 0.42625728894 F
 603 30 37 21.2658907789 0.0136545348943 0.496421213341 F
 604 389 672 386.234556849 0.00432337620832 0.0102929055684 F
 605 194 148 85.0635631155 0.170306592354 1.18944345992 P
 606 219 291 167.253357207 0.0808985005558 0.388895700054 F
 607 485 826 474.746642793 0.0160296625814 0.0308269490161 F
 608 31 52 29.8871978514 0.00173970755161 0.0527405756068 F
 609 144 171 98.2829006267 0.0714721688099 0.551056469917 F
 610 371 609 350.025067144 0.032791317962 0.0839609420755 F
 611 50 50 28.7376902417 0.0332405907891 0.798983983361 F
 612 82 128 73.5684870188 0.0131814688022 0.156535987979 F
 613 36 62 35.6347358997 0.000571038359661 0.0147126744164 F
 614 49 77 44.2560429722 0.00741650065648 0.146907286781 F
 615 201 181 104.030438675 0.151598088056 0.950189787457 P
 616 216 259 148.861235452 0.104961889079 0.537063197838 F
 617 226 370 212.658907789 0.0208568961659 0.0877814852599 F
 618 49 74 42.5317815577 0.010112137619 0.204240461847 F
 619 22 36 20.691136974 0.00204622078879 0.088490600556 F
 620 20 29 16.6678603402 0.00520932542809 0.262931083121 F
 621 128 265 152.309758281 0.0 -0.25086456609 F
 622 38 40 22.9901521934 0.0234657576914 0.724983401917 F
 623 48 82 47.1298119964 0.00136041491566 0.0263944794641 F
 624 45 50 28.7376902417 0.0254238034393 0.646980889916 F
 625 527 929 533.946284691 0.0 -0.0188916513844 F
 626 25 22 12.6445837064 0.0193159323571 0.983408554498 P
 627 72 123 70.6947179946 0.0020406223735 0.0263944794641 F
 628 246 304 174.72515667 0.11142805874 0.493570975257 F
 629 45 116 66.6714413608 0.0 -0.567143915437 F
 630 103 182 104.60519248 0.0 -0.0223101296545 F
 631 238 341 195.991047449 0.0656750097763 0.280173817645 F
 632 86 188 108.053715309 0.0 -0.329340113615 F
 633 29 28 16.0931065354 0.0201780883119 0.849610056431 P
 634 136 100 57.4753804834 0.122762050497 1.24259063484 P
 635 464 424 243.69561325 0.34441450869 0.929044523925 P
 636 681 257 147.711727842 0.833720203917 2.20487042218 P
 637 286 535 307.493285586 0.0 -0.104539761149 F
 638 86 182 104.60519248 0.0 -0.282545902136 F
 639 21 32 18.3921217547 0.00407704593552 0.19130140614 F
 640 0 4 2.29901521934 0.0 0 F
 641 7 9 5.17278424351 0.00285659140213 0.436413903976 F
 642 85 22 12.6445837064 0.113117380554 2.74894330086 P
 643 27 16 9.19606087735 0.027833921222 1.55387148552 P
 644 18 30 17.242614145 0.001184064834 0.0620183891948 F
 645 13 7 4.02327663384 0.0140338275302 1.69206877944 P
 646 27 20 11.4950760967 0.0242397386053 1.23194339064 P
 647 377 230 132.193375112 0.382720265713 1.51191464569 P
 648 71 129 74.1432408236 0.0 -0.0624961525576 F
 649 37 68 39.0832587287 0.0 -0.0790254922604 F
 650 10 24 13.794091316 0.0 -0.464050422473 F
 651 72 31 17.8173679499 0.0847068225574 2.01471267442 P
 652 106 85 48.8540734109 0.0893395112105 1.11751350179 P
 653 10 7 4.02327663384 0.00934375512034 1.31355715619 P
 654 25 21 12.0698299015 0.0202144780112 1.05052275036 P
 655 93 67 38.5085049239 0.0851896858762 1.27205360401 P
 656 256 280 160.931065354 0.14862672914 0.669700966416 F
 657 91 117 67.2461951656 0.0371356882277 0.436413903976 F
 658 20 29 16.6678603402 0.00520932542809 0.262931083121 F
 659 44 44 25.2891674127 0.0292517198944 0.798983983361 F
 660 927 1067 613.262309758 0.490484161646 0.596065051162 F
 661 268 594 341.403760072 0.0 -0.349245946982 F
 662 377 800 459.803043868 0.0 -0.286451493145 F
 663 320 675 387.958818263 0.0 -0.27783161369 F
 664 196 400 229.901521934 0.0 -0.230162362299 F
 665 283 603 346.576544315 0.0 -0.292371965707 F
 666 520 1184 680.508504924 0.0 -0.388101569239 F
 667 42 88 50.5783348254 0.0 -0.268130212498 F
 668 98 182 104.60519248 0.0 -0.0941008127225 F
 669 127 103 59.1996418979 0.105996196304 1.10116814295 P
 670 122 164 94.2596239928 0.0433681240502 0.372169316306 F
 671 410 220 126.445837064 0.443296518763 1.69710436934 P
 672 453 592 340.254252462 0.176261906619 0.412897857778 F
 673 175 216 124.146821844 0.0795016959408 0.49530759303 F
 674 80 114 65.5219337511 0.0226343930207 0.288022064084 F
 675 40 34 19.5416293644 0.0319837465563 1.033449237 P
 676 37 39 22.4153983885 0.0228009458756 0.723035130128 F
 677 707 778 447.158460161 0.406225212312 0.660924043184 F
 678 346 468 268.984780662 0.120402318452 0.363247491414 F
 679 264 677 389.108325873 0.0 -0.559633920856 F
 680 403 786 451.7564906 0.0 -0.16476549037 F
 681 177 396 227.602506714 0.0 -0.362767086636 F
 682 44 54 31.0367054611 0.0202662633527 0.503528099835 F
 683 142 287 164.954341987 0.0 -0.21617582381 F
 684 938 1592 915.008057296 0.0359446253746 0.0358034753327 F
 685 41 46 26.4386750224 0.0227645561762 0.632974031922 F
 686 20 29 16.6678603402 0.00520932542809 0.262931083121 F
 687 11 21 12.0698299015 0.0 -0.13390182078 F
 688 7 17 9.77081468218 0.0 -0.481123935832 F
 689 43 72 41.3822739481 0.00252908410762 0.0553237366208 F
 690 90 91 52.3025962399 0.0589345177662 0.783042439492 F
 691 203 430 247.144136079 0.0 -0.283872949043 F
 692 399 410 235.649059982 0.255375912301 0.759748820078 F
 693 188 371 213.233661594 0.0 -0.181702541582 F
 694 259 564 324.161145927 0.0 -0.323759081351 F
 695 90 58 33.3357206804 0.0885865243539 1.43285608456 P
 696 501 117 67.2461951656 0.678112250909 2.89728605697 P
 697 1170 662 380.4870188 1.23429101678 1.62058939102 P
 698 346 778 447.158460161 0.0 -0.370014133988 F
 699 42 132 75.8675022381 0.0 -0.853092713219 F
 700 70 108 62.0734109221 0.0123920922462 0.173379498143 F
 701 25 66 37.9337511191 0.0 -0.601553946223 F
 702 42 85 48.8540734109 0.0 -0.218089529998 F
 703 73 82 47.1298119964 0.0404443516645 0.631256537623 F
 704 105 230 132.193375112 0.0 -0.332260549917 F
 705 92 165 94.8343777977 0.0 -0.0437762748278 F
 706 2503 671 385.659803044 3.00287099566 2.69825760285 P
 707 350 250 143.688451209 0.322538700941 1.28441081053 P
 708 189 443 254.615935542 0.0 -0.429936480973 F
 709 134 376 216.107430618 0.0 -0.689515677859 F
 710 67 109 62.6481647269 0.00680347418214 0.0968888490419 F
 711 31 67 38.5085049239 0.0 -0.31290889671 F
 712 37 68 39.0832587287 0.0 -0.0790254922604 F
 713 156 263 151.160250671 0.00756625826551 0.045467212931 F
 714 1418 890 511.530886303 1.41713526018 1.47096427475 P
 715 57 107 61.4986571173 0.0 -0.109592988875 F
 716 100 237 136.216651746 0.0 -0.445903075763 F
 717 497 1088 625.33213966 0.0 -0.331376816327 F
 718 107 212 121.847806625 0.0 -0.187469484801 F
 719 132 266 152.884512086 0.0 -0.211904332782 F
 720 105 171 98.2829006267 0.0105012274817 0.0953769861412 F
 721 30 93 53.4521038496 0.0 -0.833284232139 F
 722 159 126 72.4189794091 0.135357085297 1.13458701515 P
 723 111 241 138.515666965 0.0 -0.319489486519 F
 724 394 930 534.521038496 0.0 -0.440051103178 F
 725 189 497 285.652641003 0.0 -0.59587563398 F
 726 226 452 259.788719785 0.0 -0.201016016639 F
 727 69 160 91.9606087735 0.0 -0.414419654748 F
 728 51 103 59.1996418979 0.0 -0.215091201851 F
 729 286 232 133.342882722 0.238657644639 1.10087432501 P
 730 38 73 41.9570277529 0.0 -0.142913062075 F
 731 29 31 17.8173679499 0.0174824513493 0.702768668102 F
 732 140 290 166.678603402 0.0 -0.251642089709 F
 733 1680 806 463.251566697 1.90221275226 1.8585934725 P
 734 1605 481 276.456580125 2.07698827962 2.5374484816 P
 735 45 127 72.993733214 0.0 -0.697847607081 F
 736 57 126 72.4189794091 0.0 -0.345405925974 F
 737 43 43 24.7144136079 0.0285869080786 0.798983983361 F
 738 50 45 25.8639212175 0.03773331906 0.950987076806 P
 739 709 615 353.473589973 0.555814868882 1.00418320037 P
 740 2812 378 217.256938227 3.00287099566 3.69412243821 P
 741 984 923 530.497761862 0.708986111634 0.891311651054 P
 742 136 359 206.336615936 0.0 -0.601393209212 F
 743 87 194 111.502238138 0.0 -0.357985362977 F
 744 176 508 291.974932856 0.0 -0.730269084774 F
 745 397 833 478.769919427 0.0 -0.270193504862 F
 746 176 384 220.705461056 0.0 -0.326546898723 F
 747 416 1108 636.827215756 0.0 -0.614318464547 F
 748 278 713 409.799462847 0.0 -0.559833210359 F
 749 32 77 44.2560429722 0.0 -0.467802557334 F
 750 7 20 11.4950760967 0.0 -0.715589189469 F
 751 27 44 25.2891674127 0.00267464290518 0.0944398668872 F
 752 24 38 21.8406445837 0.00337584442035 0.136018970639 F
 753 16 17 9.77081468218 0.00973844339834 0.711521142111 F
 754 39 46 26.4386750224 0.0196378412363 0.560824246166 F
 755 249 443 254.615935542 0.0 -0.0321769731259 F
 756 3415 1478 849.486123545 3.00287099566 2.00722329239 P
 757 602 1292 742.581915846 0.0 -0.302786694573 F
 758 224 471 270.709042077 0.0 -0.273244344194 F
 759 200 523 300.596239928 0.0 -0.587826963111 F
 760 38 104 59.7743957028 0.0 -0.653528221336 F
 761 65 142 81.6150402865 0.0 -0.328395323115 F
 762 236 374 214.957923008 0.0328962882487 0.134732572835 F
 763 46 88 50.5783348254 0.0 -0.136885679219 F
 764 144 174 100.007162041 0.0687765318474 0.525965488955 F
 765 447 676 388.533572068 0.091403926849 0.202235568262 F
 766 1070 2802 1610.46016115 0.0 -0.589862175781 F
 767 69 187 107.478961504 0.0 -0.639386019748 F
 768 20 45 25.8639212175 0.0 -0.370941018081 F
 769 370 822 472.447627574 0.0 -0.352629139804 F
 770 82 182 104.60519248 0.0 -0.35125865222 F
 771 948 397 228.177260519 1.12534025681 2.05473203512 P
 772 72 150 86.2130707252 0.0 -0.259909705693 F
 773 58 192 110.352730528 0.0 -0.927997522233 F
 774 33 40 22.9901521934 0.0156489703416 0.521450007832 F
 775 129 249 143.113697404 0.0 -0.149790693284 F
 776 30 87 50.0035810206 0.0 -0.737068916879 F
 777 192 489 281.054610564 0.0 -0.54974417087 F
 778 219 514 295.423455685 0.0 -0.431853506232 F
 779 661 1322 759.824529991 0.0 -0.201016016639 F
 780 2052 1117 642.0 2.20433403264 1.67638552848 P
 781 155 336 193.117278424 0.0 -0.317209034144 F
 782 102 213 122.42256043 0.0 -0.263300294893 F
 783 134 328 188.519247986 0.0 -0.492478830799 F
 784 696 1688 970.18442256 0.0 -0.479171709497 F
 785 64 125 71.8442256043 0.0 -0.166800301301 F
 786 357 515 295.99820949 0.0953676048749 0.27033562532 F
 787 710 529 304.044762757 0.634653152611 1.22353528564 P
 788 1700 2136 1227.67412713 0.73841418161 0.469607082699 F
 789 1463 127 72.993733214 2.17307668046 4.32501335073 P
 790 1364 2594 1490.91136974 0.0 -0.128350851867 F
 791 1066 1714 985.128021486 0.12643181172 0.113824312008 F
 792 875 1752 1006.96866607 0.0 -0.20266386952 F
 793 495 1014 582.800358102 0.0 -0.235573238675 F
 794 648 1511 868.452999105 0.0 -0.422453958919 F
 795 246 380 218.406445837 0.0431385890232 0.171642880369 F
 796 551 972 558.660698299 0.0 -0.0199200116736 F
 797 109 225 129.319606088 0.0 -0.246612883079 F
 798 1612 3091 1776.56401074 0.0 -0.140237926969 F
 799 270 609 350.025067144 0.0 -0.374498837494 F
 800 47 85 48.8540734109 0.0 -0.0558181010991 F
 801 108 219 125.871083259 0.0 -0.220915574077 F
 802 114 119 68.3957027753 0.0712958187283 0.737056234218 F
 803 3188 1464 841.439570278 3.00287099566 1.92172005907 P
 804 804 1402 805.804834378 0.0 -0.00323495947068 F
 805 270 375 215.532676813 0.085151896573 0.325052795029 F
 806 1795 2599 1493.78513876 0.470906503374 0.265011193599 F
 807 1386 1235 709.82094897 1.05710957045 0.965400199026 P
 808 407 572 328.759176365 0.122318376085 0.307997630849 F
 809 635 340 195.416293644 0.687226471003 1.70020582888 P
 810 394 609 350.025067144 0.068748539771 0.170737384911 F
 811 3132 1952 1121.91942704 3.00287099566 1.48111514309 P
 812 7314 620 356.347358997 3.00287099566 4.35930448943 P
 813 260 240 137.94091316 0.190821985187 0.914461200781 P
 814 100 83 47.7045658013 0.0817564576991 1.06780074179 P
 815 83 71 40.8075201432 0.06596192856 1.0242762952 P
 816 3467 2052 1179.39480752 3.00287099566 1.55564108896 P
 817 91 152 87.3625783348 0.00568659033163 0.0588511101161 F
 818 691 723 415.547000895 0.430631503772 0.733674046798 F
 819 942 1420 816.150402865 0.196747907772 0.206892018582 F
 820 593 808 464.401074306 0.201046091112 0.352660795155 F
 821 312 455 261.5129812 0.0789292579773 0.254663467137 F
 822 71 107 61.4986571173 0.0148539953703 0.207264116465 F
 823 761 482 277.03133393 0.756616029324 1.45784729063 P
 824 417 644 370.141450313 0.0732566636839 0.171970678691 F
 825 553 1118 642.574753805 0.0 -0.216584819247 F
 826 133 321 184.495971352 0.0 -0.47216306826 F
 827 498 1185 681.083258729 0.0 -0.451685428357 F
 828 1268 2478 1424.23992838 0.0 -0.16763745864 F
 829 705 1595 916.732318711 0.0 -0.378877278005 F
 830 601 1278 734.535362578 0.0 -0.289466956875 F
 831 1221 2319 1332.85407341 0.0 -0.126455636298 F
 832 260 398 228.752014324 0.0488517718275 0.184727175846 F
 833 470 728 418.420769919 0.080636774641 0.167706289727 F
 834 457 749 430.490599821 0.0414436687939 0.0862124299603 F
 835 163 335 192.54252462 0.0 -0.240305147753 F
 836 52 87 50.0035810206 0.00312111652462 0.0564802056534 F
 837 187 296 170.127126231 0.0263783332464 0.13642507762 F
 838 273 419 240.821844226 0.0503059601993 0.180934690582 F
 839 510 886 509.231871083 0.00120086007988 0.00217453166485 F
 840 572 1077 619.009847807 0.0 -0.113947214405 F
 841 249 493 283.353625783 0.0 -0.186457920949 F
 842 409 682 391.982094897 0.0266050690657 0.0613130872786 F
 843 140 300 172.42614145 0.0 -0.30055169019 F
 844 73 154 88.5120859445 0.0 -0.277977998454 F
 845 36 45 25.8639212175 0.0158463144806 0.477055888474 F
 846 708 872 501.185317816 0.323325278289 0.498405208667 F
 847 456 720 413.822739481 0.065938135295 0.140020901196 F
 848 66 107 61.4986571173 0.00703720802053 0.101911116318 F
 849 729 1637 940.871978514 0.0 -0.368079618786 F
 850 2495 3667 2107.62220233 0.605609973686 0.243423532874 F
 851 121 213 122.42256043 0.0 -0.0168623995902 F
 852 1339 830 477.045658013 1.34754275931 1.48895670245 P
 853 1772 1169 671.887197851 1.71986956703 1.39908765738 P
 854 267 503 289.101163832 0.0 -0.114734674757 F
 855 1731 2067 1188.01611459 0.848877913317 0.543051319302 F
 856 449 726 417.27126231 0.0496033590803 0.105729880106 F
 857 320 281 161.505819158 0.247783061563 0.986485758027 P
 858 2666 2144 1232.27215756 2.24142913235 1.11335585799 P
 859 3677 1790 1028.80931065 3.00287099566 1.83755357241 P
 860 1014 1906 1095.48075201 0.0 -0.111506483546 F
 861 803 1384 795.459265891 0.0117888629986 0.0136119332416 F
 862 2696 4793 2754.79498657 0.0 -0.0311244600761 F
 863 1339 1754 1008.11817368 0.51728657485 0.409491196241 F
 864 327 496 285.077887198 0.0655392482055 0.197934498472 F
 865 55 107 61.4986571173 0.0 -0.161123289515 F
 866 92 274 157.482542525 0.0 -0.775486143543 F
 867 25 40 22.9901521934 0.00314211058196 0.120912078248 F
 868 1528 2293 1317.91047449 0.328445029073 0.213392171816 F
 869 39 83 47.7045658013 0.0 -0.290653229124 F
 870 28 47 27.0134288272 0.00154236341261 0.051750053741 F
 871 165 288 165.529095792 0.0 -0.00461880383548 F
 872 1209 1701 977.656222023 0.361673023427 0.306415086947 F
 873 70 116 66.6714413608 0.0052037270128 0.0702860051784 F
 874 39 31 17.8173679499 0.0331160260489 1.13018989184 P
 875 36 10 5.74753804834 0.0472954123766 2.64698088992 P
 876 45 78 44.8307967771 0.00026452512249 0.00543486082844 F
 877 41 51 29.3124440466 0.0182718279053 0.484110646008 F
 878 171 172 98.8576544315 0.112784274845 0.790571743545 F
 879 113 117 67.2461951656 0.0715295525667 0.748798226193 F
 880 356 659 378.762757386 0.0 -0.0894172406806 F
 881 1451 1461 839.715308863 0.955656488158 0.789075324624 F
 882 71 102 58.6248880931 0.0193467236412 0.276305760894 F
 883 139 197 113.226499552 0.0402931944517 0.295873236628 F
 884 279 259 148.861235452 0.203453409687 0.906297007504 P
 885 456 361 207.486123545 0.388516025143 1.13601897064 P
 886 826 1312 754.076991943 0.112441371908 0.131429950162 F
 887 309 527 302.895255148 0.00954389846698 0.0287878596282 F
 888 817 1285 738.558639212 0.122631887341 0.145623607425 F
 889 93 164 94.2596239928 0.0 -0.019409210149 F
 890 119 195 112.076991943 0.0108231363609 0.0864714329193 F
 891 976 1102 633.378692927 0.535639579778 0.623812812353 F
 892 566 738 424.168307968 0.221733635215 0.416165220132 F
 893 125 216 124.146821844 0.00133382244303 0.00988076585963 F
 894 148 231 132.768128917 0.0238128594394 0.156688307574 F
 895 1549 1716 986.277529096 0.8797363784 0.651271574651 F
 896 78 169 97.133393017 0.0 -0.316493234059 F
 897 116 242 139.09042077 0.0 -0.261898258786 F
 898 83 126 72.4189794091 0.0165419175805 0.196743491208 F
 899 79 126 72.4189794091 0.0102884877007 0.125484808038 F
 900 64 53 30.4619516562 0.052431958406 1.0710635288 P
 901 146 197 113.226499552 0.0512366967414 0.366756722785 F
 902 18 17 9.77081468218 0.0128651583382 0.881446143553 P
 903 48 21 12.0698299015 0.0561716998202 1.9916290613 P
 904 37 70 40.2327663384 0.0 -0.120845667955 F
 905 59 138 79.3160250671 0.0 -0.426897424055 F
 906 447 779 447.733213966 0.0 -0.00236451351734 F
 907 541 942 541.418084154 0.0 -0.00111448242496 F
 908 633 1271 730.512085944 0.0 -0.206702642216 F
 909 239 394 226.452999105 0.0196154475751 0.0777989718854 F
 910 815 1378 792.010743062 0.0359404265631 0.0412800597752 F
 911 190 266 152.884512086 0.0580247752815 0.313557156191 F
 912 38 51 29.3124440466 0.0135817554955 0.374486154833 F
 913 75 59 33.9104744852 0.0642376166504 1.1451596245 P
 914 1132 1886 1083.98567592 0.075063552219 0.0625282655178 F
 915 460 873 501.76007162 0.0 -0.125363809324 F
 916 543 1059 608.66427932 0.0 -0.164694502827 F
 917 380 633 363.81915846 0.0252964394915 0.0627779022636 F
 918 1213 1906 1095.48075201 0.183724594202 0.147015414572 F
 919 1143 1685 968.460161146 0.272868160877 0.239060795506 F
 920 185 393 225.8782453 0.0 -0.288020058381 F
 921 96 155 89.0868397493 0.0108077407189 0.107822078808 F
 922 180 254 145.987466428 0.053173748432 0.302152392919 F
 923 153 154 88.5120859445 0.10081766216 0.789585285359 F
 924 66 129 74.1432408236 0.0 -0.167849152704 F
 925 638 881 506.358102059 0.205803344505 0.333398388205 F
 926 124 171 98.2829006267 0.0402050194109 0.335327778862 F
 927 227 436 250.592658908 0.0 -0.142651854125 F
 928 237 312 179.323187108 0.0901694762774 0.402325013397 F
 929 2797 746 428.766338406 3.00287099566 2.70561670158 P
 930 119 261 150.010743062 0.0 -0.334104249901 F
 931 123 181 104.030438675 0.0296562053992 0.241652601617 F
 932 540 696 400.028648165 0.218825258471 0.432856084563 F
 933 353 186 106.904207699 0.384735695218 1.72334954552 P
 934 304 217 124.721575649 0.280276263911 1.28536026436 P
 935 164 234 134.492390331 0.0461309419962 0.286171268396 F
 936 49 66 37.9337511191 0.0173005028524 0.369299708118 F
 937 13 26 14.9435989257 0.0 -0.201016016639 F
 938 32 57 32.7609668756 0.0 -0.0339060308037 F
 939 361 612 351.749328559 0.0144621062999 0.0374511675555 F
 940 80 146 83.9140555058 0.0 -0.0689124806316 F
 941 168 235 135.067144136 0.0514858262218 0.314784459575 F
 942 91 128 73.5684870188 0.0272516860318 0.30677862356 F
 943 911 1196 687.405550582 0.349558052738 0.406289552965 F
 944 312 547 314.390331244 0.0 -0.0110108205693 F
 945 185 323 185.645478962 0.0 -0.0050249108166 F
 946 95 127 72.993733214 0.0344036615658 0.38015490492 F
 947 140 224 128.744852283 0.017595819259 0.120912078248 F
 948 296 408 234.499552372 0.0961471842041 0.336012007018 F
 949 60 88 50.5783348254 0.0147294306301 0.246442960332 F
 950 276 590 339.104744852 0.0 -0.29706270411 F
 951 115 167 95.9838854073 0.029728984798 0.260769741831 F
 952 24 52 29.8871978514 0.0 -0.316493234059 F
 953 13 25 14.3688451209 0.0 -0.144432488273 F
 954 467 688 395.430617726 0.111888528398 0.239997968369 F
 955 26 52 29.8871978514 0.0 -0.201016016639 F
 956 120 196 112.651745748 0.0114879481767 0.0911647348543 F
 957 326 647 371.865711728 0.0 -0.1899097644 F
 958 367 596 342.553267681 0.0382189815864 0.0994517157421 F
 959 104 224 128.744852283 0.0 -0.307931220555 F
 960 659 1585 910.984780662 0.0 -0.467148486658 F
 961 93 196 112.651745748 0.0 -0.276567049646 F
 962 945 2327 1337.45210385 0.0 -0.501100992936 F
 963 359 927 532.796777081 0.0 -0.569601511441 F
 964 166 392 225.303491495 0.0 -0.440686429407 F
 965 182 295 169.552372426 0.0194600915508 0.102207479311 F
 966 1498 1387 797.183527305 1.09562666765 0.910053819496 P
 967 427 757 435.08863026 0.0 -0.0270732470042 F
 968 153 330 189.668755595 0.0 -0.309950388192 F
 969 263 470 270.134288272 0.0 -0.0386139739117 F
 970 864 191 109.777976723 1.17911863409 2.97644265749 P
 971 155 94 54.0268576544 0.157857116351 1.52051953696 P
 972 175 332 190.818263205 0.0 -0.124844336154 F
 973 3617 6006 3451.97135184 0.257998769865 0.0673731064596 F
 974 61 76 43.6812891674 0.0270753359501 0.48179380748 F
 975 14 32 18.3921217547 0.0 -0.393661094581 F
 976 10 24 13.794091316 0.0 -0.464050422473 F
 977 224 288 165.529095792 0.0914109248681 0.436413903976 F
 978 120 157 90.236347359 0.0465312286895 0.411253830078 F
 979 230 407 233.924798568 0.0 -0.0244109499609 F
 980 455 730 419.570277529 0.0553893212833 0.11695406468 F
 981 234 408 234.499552372 0.0 -0.00307663902708 F
 982 223 336 193.117278424 0.0467173759979 0.207566460503 F
 983 101 157 90.236347359 0.0168274367603 0.162574717221 F
 984 11 16 9.19606087735 0.00282020170274 0.258415601998 F
 985 35 39 22.4153983885 0.0196742309357 0.642864781444 F
 986 34 53 30.4619516562 0.00553123430731 0.158526370048 F
 987 518 701 402.902417189 0.179938665861 0.362521637037 F
 988 1889 1673 961.563115488 1.44991538131 0.974169239711 P
 989 42 104 59.7743957028 0.0 -0.509138312001 F
 990 85 65 37.3589973142 0.0744799174249 1.18600710647 P
 991 282 402 231.051029543 0.0796514535498 0.287483644581 F
 992 387 299 171.851387645 0.336354190275 1.17117206531 P
 993 1000 142 81.6150402865 1.43576398706 3.61502114852 P
 994 629 830 477.045658013 0.237558955638 0.398932664006 F
 995 119 113 64.9471799463 0.0845038800031 0.873622784254 P
 996 46 74 42.5317815577 0.00542206520914 0.113092573789 F
 997 543 686 394.281110116 0.232500787423 0.461727604993 F
 998 1369 1093 628.205908684 1.15812597636 1.12381302895 P
 999 278 401 230.476275739 0.0742965693242 0.27046662963 F
 1000 96 119 68.3957027753 0.0431553842691 0.489128720774 F
 1001 90 48 27.5881826321 0.0975719808956 1.70587457897 P
 1002 294 332 190.818263205 0.161309938981 0.62361689685 F
 1003 338 211 121.27305282 0.338821691814 1.47876423094 P
 1004 657 1012 581.650850492 0.117797655737 0.175739968989 F
 1005 530 255 146.562220233 0.599450317262 1.85447909595 P
 1006 18 46 26.4386750224 0.0 -0.554652971254 F
 1007 137 278 159.781557744 0.0 -0.221925006402 F
 1008 830 984 565.557743957 0.413417776356 0.553437004256 F
 1009 19 75 43.1065353626 0.0 -1.18190719369 F
 1010 148 291 167.253357207 0.0 -0.176437993918 F
 1011 186 287 164.954341987 0.032901886664 0.173235867793 F
 1012 49 67 38.5085049239 0.0164019571982 0.347604637018 F
 1013 88 148 85.0635631155 0.00459070053845 0.0489622363694 F
 1014 362 544 312.66606983 0.0771265682537 0.211367029194 F
 1015 134 197 113.226499552 0.0324764071019 0.243021354362 F
 1016 195 342 196.565801253 0.0 -0.0115382177753 F
 1017 202 305 175.299910474 0.0417417844082 0.204530033663 F
 1018 146 219 125.871083259 0.0314686923496 0.21402148264 F
 1019 363 467 268.410026858 0.147877941095 0.435530981647 F
 1020 415 270 155.183527305 0.406186023405 1.41913591254 P
 1021 77 89 51.1530886303 0.0404079619651 0.59003709309 F
 1022 548 956 549.464637422 0.0 -0.00385074165921 F
 1023 263 428 245.994628469 0.0265854746122 0.0964359862522 F
 1024 18 46 26.4386750224 0.0 -0.554652971254 F
 1025 119 210 120.698299015 0.0 -0.0204437709972 F
 1026 357 670 385.085049239 0.0 -0.109253037955 F
 1027 45 102 58.6248880931 0.0 -0.381588262281 F
 1028 75 167 95.9838854073 0.0 -0.355901618617 F
 1029 288 530 304.619516562 0.0 -0.0809395646472 F
 1030 278 136 78.1665174575 0.31241116768 1.83046221483 P
 1031 62 138 79.3160250671 0.0 -0.35534416303 F
 1032 100 98 56.3258728738 0.0682782728866 0.828130329021 F
 1033 18 16 9.19606087735 0.0137637039924 0.968908984803 P
 1034 21 37 21.2658907789 0.0 -0.0181519594892 F
 1035 226 275 158.057296329 0.106218733312 0.515875137364 F
 1036 154 280 160.931065354 0.0 -0.0635124928891 F
 1037 199 365 209.785138765 0.0 -0.0761440498627 F
 1038 112 205 117.824529991 0.0 -0.0731411940868 F
 1039 9 27 15.5183527305 0.0 -0.78597851736 F
 1040 14 11 6.32229185318 0.0120030023835 1.14690728678 P
 1041 44 20 11.4950760967 0.0508168155946 1.93648750711 P
 1042 400 394 226.452999105 0.271316000238 0.820788353679 F
 1043 800 857 492.564010743 0.480632350338 0.699688779023 F
 1044 18 70 40.2327663384 0.0 -1.16037403214 F
 1045 18 18 10.345568487 0.0119666126841 0.798983983361 F
 1046 13 30 17.242614145 0.0 -0.407466894106 F
 1047 91 162 93.1101163832 0.0 -0.0330713793249 F
 1048 57 89 51.1530886303 0.00914081256605 0.156140566559 F
 1049 24 41 23.5649059982 0.000680207457832 0.0263944794641 F
 1050 56 105 60.3491495076 0.0 -0.107906612248 F
 1051 80 121 69.545210385 0.0163445734415 0.202048840974 F
 1052 205 256 147.136974038 0.0904605938725 0.478464082866 F
 1053 223 425 244.270367055 0.0 -0.131435147744 F
 1054 163 367 210.934646374 0.0 -0.371924115251 F
 1055 277 525 301.745747538 0.0 -0.123447463143 F
 1056 351 614 352.898836168 0.0 -0.00778364170461 F
 1057 497 677 389.108325873 0.168673254693 0.353074001348 F
 1058 638 855 491.414503133 0.229165531513 0.376615987353 F
 1059 300 559 321.287376902 0.0 -0.0989017989863 F
 1060 555 661 379.912264996 0.273724718417 0.546821483091 F
 1061 2679 840 482.793196061 3.00287099566 2.47221733154 P
 1062 364 134 77.0170098478 0.448657001404 2.2406894331 P
 1063 56 93 53.4521038496 0.0039832724794 0.0671800943106 F
 1064 389 787 452.331244405 0.0 -0.21760949716 F
 1065 128 222 127.595344673 0.00063262092786 0.00456811701091 F
 1066 147 552 317.264100269 0.0 -1.10986812858 F
 1067 26 107 61.4986571173 0.0 -1.2420432849 F
 1068 412 966 555.21217547 0.0 -0.430394868292 F
 1069 98 221 127.020590868 0.0 -0.374208731915 F
 1070 437 807 463.826320501 0.0 -0.0859514104162 F
 1071 42 65 37.3589973142 0.00725554621687 0.168933593111 F
 1072 24 59 33.9104744852 0.0 -0.49869656528 F
 1073 103 232 133.342882722 0.0 -0.372496484583 F
 1074 29 71 40.8075201432 0.0 -0.492782141016 F
 1075 273 711 408.649955237 0.0 -0.581964625339 F
 1076 56 151 86.78782453 0.0 -0.632065833906 F
 1077 54 129 74.1432408236 0.0 -0.457355769899 F
 1078 209 498 286.227394808 0.0 -0.453658816626 F
 1079 232 721 414.397493286 0.0 -0.836890470752 F
 1080 713 1470 844.888093107 0.0 -0.244858189919 F
 1081 94 102 58.6248880931 0.0553039454501 0.681147493067 F
 1082 27 95 54.6016114593 0.0 -1.01598412281 F
 1083 75 126 72.4189794091 0.00403505782084 0.050522750357 F
 1084 14 40 22.9901521934 0.0 -0.715589189469 F
 1085 13 28 16.0931065354 0.0 -0.307931220555 F
 1086 93 195 112.076991943 0.0 -0.269187519281 F
 1087 311 844 485.09221128 0.0 -0.641344435216 F
 1088 643 1424 818.449418084 0.0 -0.348074520277 F
 1089 46 161 92.5353625783 0.0 -1.0083709387 F
 1090 10 21 12.0698299015 0.0 -0.27140534453 F
 1091 708 334 191.967770815 0.806742840234 1.88288524097 P
 1092 50 121 69.545210385 0.0 -0.476023064139 F
 1093 76 160 91.9606087735 0.0 -0.275016598083 F
 1094 240 593 340.829006267 0.0 -0.506013715576 F
 1095 130 310 178.173679499 0.0 -0.454772608885 F
 1096 246 664 381.63652641 0.0 -0.633540942647 F
 1097 228 701 402.902417189 0.0 -0.821396636485 F
 1098 48 166 95.4091316025 0.0 -0.991092947265 F
 1099 4 26 14.9435989257 0.0 -1.90145573478 F
 1100 9 15 8.62130707252 0.000592032417002 0.0620183891948 F
 1101 50 146 83.9140555058 0.0 -0.746984385744 F
 1102 173 600 344.852282901 0.0 -0.995206479498 F
 1103 294 944 542.567591764 0.0 -0.883986721164 F
 1104 139 448 257.489704566 0.0 -0.889429865973 F
 1105 62 234 134.492390331 0.0 -1.11718442584 F
 1106 8 38 21.8406445837 0.0 -1.44894353008 F
 1107 17 33 18.9668755595 0.0 -0.157947294747 F
 1108 9 39 22.4153983885 0.0 -1.31649323406 F
 1109 7 30 17.242614145 0.0 -1.30055169019 F
 1110 11 28 16.0931065354 0.0 -0.548939320059 F
 1111 20 51 29.3124440466 0.0 -0.551513263723 F
 1112 98 153 87.9373321397 0.0157315469671 0.156305984784 F
 1113 111 242 139.09042077 0.0 -0.325463387563 F
 1114 105 127 72.993733214 0.0500372362653 0.524544814255 F
 1115 257 509 292.549686661 0.0 -0.186913313521 F
 1116 979 193 110.927484333 1.35710765183 3.1416919957 P
 1117 26 40 22.9901521934 0.00470546805191 0.177495606615 F
 1118 26 58 33.3357206804 0.0 -0.358557293625 F
 1119 187 388 223.004476276 0.0 -0.254034398938 F
 1120 15 35 20.1163831692 0.0 -0.423408437975 F
 1121 41 147 84.4888093107 0.0 -1.04313635686 F
 1122 44 88 50.5783348254 0.0 -0.201016016639 F
 1123 41 151 86.78782453 0.0 -1.08186875135 F
 1124 22 95 54.6016114593 0.0 -1.31144000633 F
 1125 15 64 36.7842435094 0.0 -1.29412542103 F
 1126 91 89 51.1530886303 0.0622949665445 0.831045192593 F
 1127 25 101 58.0501342883 0.0 -1.21537130962 F
 1128 3 11 6.32229185318 0.0 -1.07548513456 F
 1129 5 3 1.7242614145 0.00512115038726 1.53594957753 P
 1130 23 14 8.04655326768 0.0233775826505 1.51519101736 P
 1131 71 149 85.6383169203 0.0 -0.270437417596 F
 1132 249 269 154.6087735 0.147567229046 0.687523552872 F
 1133 25 40 22.9901521934 0.00314211058196 0.120912078248 F
 1134 178 377 216.682184423 0.0 -0.283703298941 F
 1135 149 312 179.323187108 0.0 -0.267249715039 F
 1136 30 34 19.5416293644 0.0163501718568 0.618411737719 F
 1137 108 204 117.249776186 0.0 -0.118553856447 F
 1138 254 101 58.0501342883 0.306339686297 2.12945718738 P
 1139 1130 40 22.9901521934 1.73065211488 5.61916294578 P
 1140 32 14 8.04655326768 0.0374477998801 1.9916290613 P
 1141 38 23 13.2193375112 0.0387410338123 1.52334954075 P
 1142 161 251 144.263205013 0.0261655934654 0.158357307525 F
 1143 199 181 104.030438675 0.148471373116 0.935762716821 P
 1144 29 67 38.5085049239 0.0 -0.409124211969 F
 1145 12 11 6.32229185318 0.00887628744356 0.924514865445 P
 1146 267 424 243.69561325 0.0364330871087 0.131759460485 F
 1147 22 7 4.02327663384 0.0281040447598 2.45106067994 P
 1148 3 14 8.04655326768 0.0 -1.42340843798 F
 1149 5 2 1.14950760967 0.00601969604143 2.12091207825 P
 1150 37 35 20.1163831692 0.0263951284923 0.879154332045 P
 1151 13 20 11.4950760967 0.00235273402596 0.177495606615 F
 1152 0 0 0.0 0.0 0 F
 1153 1 0 0.0 0.00156335746995 0 P
 1154 2 3 1.7242614145 0.000431077977391 0.21402148264 F
 1155 3 3 1.7242614145 0.00199443544735 0.798983983361 F
 1156 18 38 21.8406445837 0.0 -0.27901852864 F
 1157 10 9 5.17278424351 0.00754666381199 0.950987076806 P
 1158 0 1 0.574753804834 0.0 0 F
 1159 36 71 40.8075201432 0.0 -0.180838134701 F
 1160 6 29 16.6678603402 0.0 -1.47403451105 F
 1161 4 9 5.17278424351 0.0 -0.370941018081 F
 1162 4 12 6.89704565801 0.0 -0.78597851736 F
 1163 0 0 0.0 0.0 0 F
 1164 2 0 0.0 0.00312671493991 0 P
 1165 14 3 1.7242614145 0.0191913676168 3.0213764047 P
 1166 5 14 8.04655326768 0.0 -0.686442843809 F
 1167 3 0 0.0 0.00469007240986 0 P
 1168 0 0 0.0 0.0 0 F
 1169 1 0 0.0 0.00156335746995 0 P
 1170 0 0 0.0 0.0 0 F
 1171 0 2 1.14950760967 0.0 0 F
 1172 3 7 4.02327663384 0.0 -0.423408437975 F
 1173 1 11 6.32229185318 0.0 -2.66044763528 F
 1174 6 14 8.04655326768 0.0 -0.423408437975 F
 1175 3 13 7.47179946285 0.0 -1.31649323406 F
 1176 0 0 0.0 0.0 0 F
 1177 0 6 3.44852282901 0.0 0 F
 1178 2 18 10.345568487 0.0 -2.37094101808 F
 1179 2 12 6.89704565801 0.0 -1.78597851736 F
 1180 16 22 12.6445837064 0.00524571512748 0.339552364724 F
 1181 26 66 37.9337511191 0.0 -0.544970417856 F
 1182 12 31 17.8173679499 0.0 -0.570249826305 F
 1183 33 60 34.4852282901 0.0 -0.0635124928891 F
 1184 28 63 36.2094897046 0.0 -0.370941018081 F
 1185 26 57 32.7609668756 0.0 -0.333466312663 F
 1186 8 22 12.6445837064 0.0 -0.660447635276 F
 1187 8 21 12.0698299015 0.0 -0.593333439418 F
 1188 35 123 70.6947179946 0.0 -1.01424750503 F
 1189 71 177 101.731423456 0.0 -0.518874447217 F
 1190 1680 4151 2385.80304387 0.0 -0.506013715576 F
 1191 28869 72060 41416.7591764 0.0 -0.520693533813 F
 1192 487 1363 783.389435989 0.0 -0.685807901362 F
 1193 6826 2322 1334.57833483 3.00287099566 2.35465642559 P
 1194 114 110 63.2229185318 0.0793827296158 0.850514284001 P
 1195 2062 4797 2757.09400179 0.0 -0.419104123472 F
 1196 43 85 48.8540734109 0.0 -0.184142198075 F
 1197 34 69 39.6580125336 0.0 -0.222077632167 F
 1198 30 79 45.4055505819 0.0 -0.597906169208 F
 1199 20 9 5.17278424351 0.0231802385115 1.95098707681 P
 1200 13 8 4.59803043868 0.013135281876 1.4994237015 P
 1201 26 35 20.1163831692 0.00919819632278 0.370140684557 F
 1202 205 388 223.004476276 0.0 -0.121448759321 F
 1203 637 787 452.331244405 0.288703278527 0.49391372011 F
 1204 39 67 38.5085049239 0.000768382498662 0.0182970117655 F
 1205 353 702 403.477170994 0.0 -0.192818863672 F
 1206 52 81 46.5550581916 0.00851239044966 0.159573698617 F
 1207 534 1049 602.916741271 0.0 -0.175119047529 F
 1208 291 368 211.509400179 0.124272223021 0.460297370212 F
 1209 49 99 56.9006266786 0.0 -0.215662792603 F
 1210 56 95 54.6016114593 0.00218618117106 0.0364832970877 F
 1211 24 37 21.2658907789 0.00427439007452 0.174493118453 F
 1212 78 119 68.3957027753 0.0150149498099 0.189568438915 F
 1213 312 473 271.858549687 0.0627554362022 0.198689828884 F
 1214 118 293 168.402864816 0.0 -0.513129821699 F
 1215 54 107 61.4986571173 0.0 -0.187595500877 F
 1216 54 125 71.8442256043 0.0 -0.411912799138 F
 1217 255 58 33.3357206804 0.346540506896 2.93535642509 P
 1218 1253 1635 939.722470904 0.489764765281 0.415079762297 F
 1219 885 128 73.5684870188 1.26855751718 3.58851762833 P
 1220 1049 2500 1436.88451209 0.0 -0.453929433611 F
 1221 144 242 139.09042077 0.00767542736368 0.0500457475287 F
 1222 223 686 394.281110116 0.0 -0.822180882891 F
 1223 1163 2039 1171.92300806 0.0 -0.0110266951824 F
 1224 426 668 383.935541629 0.0657617852133 0.149989311113 F
 1225 324 658 378.188003581 0.0 -0.22310978749 F
 1226 1290 190 109.203222919 1.84600746195 3.56228372534 P
 1227 405 91 52.3025962399 0.551392120802 2.95296744093 P
 1228 44 70 40.2327663384 0.00588953288592 0.129132585053 F
 1229 609 1280 735.684870188 0.0 -0.27264569362 F
 1230 278 584 335.656222023 0.0 -0.271899502795 F
 1231 131 305 175.299910474 0.0 -0.420258447552 F
 1232 42 63 36.2094897046 0.00905263752522 0.21402148264 F
 1233 1104 1926 1106.97582811 0.0 -0.00388354770428 F
 1234 95 109 62.6481647269 0.0505774833409 0.600655266915 F
 1235 307 263 151.160250671 0.243633236229 1.02215983944 P
 1236 64 65 37.3589973142 0.0416494105559 0.776616170333 F
 1237 837 1197 687.980304387 0.232971054307 0.282860358968 F
 1238 880 1071 615.561324978 0.413412177941 0.515600932135 F
 1239 284 441 253.466427932 0.047734887977 0.164096257308 F
 1240 59 119 68.3957027753 0.0 -0.213190730585 F
 1241 98 183 105.179946285 0.0 -0.102006010808 F
 1242 68 99 56.9006266786 0.0173522881938 0.257090204532 F
 1243 109 71 40.8075201432 0.106609222779 1.41742118863 P
 1244 88 91 52.3025962399 0.0558078028263 0.7506209618 F
 1245 1065 92 52.8773500448 1.58230950532 4.33205974242 P
 1246 28200 708 406.925693823 3.00287099566 6.11478597545 P
 1247 228 160 91.9606087735 0.212678198482 1.30994590264 P
 1248 289 623 358.071620412 0.0 -0.309178687162 F
 1249 625 908 521.87645479 0.161218964733 0.26014787562 F
 1250 465 727 417.846016115 0.0737185329454 0.154259335437 F
 1251 453 883 507.507609669 0.0 -0.163918404241 F
 1252 297 605 347.726051925 0.0 -0.227488228 F
 1253 59 75 43.1065353626 0.0248471666644 0.452808342227 F
 1254 47 65 37.3589973142 0.0150723335666 0.33120502201 F
 1255 767 1332 765.572068039 0.00223236809721 0.00268838379268 F
 1256 285 527 302.895255148 0.0 -0.0878570592241 F
 1257 367 580 333.357206804 0.0525957120532 0.138711146189 F
 1258 531 758 435.663384064 0.149045210683 0.285497995994 F
 1259 254 340 195.416293644 0.0915872749498 0.378277733995 F
 1260 173 293 168.402864816 0.00718696562956 0.0388553565755 F
 1261 492 484 278.18084154 0.334275778598 0.822635251426 F
 1262 35 68 39.0832587287 0.0 -0.159195840944 F
 1263 101 48 27.5881826321 0.114768913065 1.87223296539 P
 1264 559 121 69.545210385 0.76519280155 3.00682521893 P
 1265 718 174 100.007162041 0.966143719602 2.84388052134 P
 1266 38 55 31.6114592659 0.00998757287878 0.26555178328 F
 1267 245 339 194.841539839 0.0784156033744 0.330480459227 F
 1268 113 175 100.581915846 0.0194139046247 0.167951833944 F
 1269 24 31 17.8173679499 0.00966566399956 0.429750173695 F
 1270 84 143 82.1897940913 0.0028299989295 0.0314300693614 F
 1271 230 267 153.459265891 0.119660528425 0.583778102618 F
 1272 228 363 208.635631155 0.030273430685 0.12804825953 F
 1273 97 116 66.6714413608 0.0474143787016 0.540915830421 F
 1274 780 900 517.278424351 0.410727737809 0.592533105894 F
 1275 150 293 168.402864816 0.0 -0.166954180565 F
 1276 20 47 27.0134288272 0.0 -0.433676773429 F
 1277 123 184 105.75470009 0.0269605684367 0.217936532643 F
 1278 231 382 219.555953447 0.0178911356656 0.0733041967413 F
 1279 8 23 13.2193375112 0.0 -0.724577972696 F
 1280 233 170 97.7081468218 0.21150952929 1.25377919188 P
 1281 773 919 528.198746643 0.38271186809 0.549387535997 F
 1282 544 941 540.843330349 0.00493500307884 0.00839591188281 F
 1283 222 339 194.841539839 0.0424583815654 0.188258386575 F
 1284 229 294 168.977618621 0.0938364382929 0.438515426622 F
 1285 811 1131 650.046553268 0.251627773264 0.319158873588 F
 1286 177 171 98.2829006267 0.123062965318 0.848737018558 P
 1287 239 327 187.944494181 0.0798180064047 0.346703965844 F
 1288 550 846 486.24171889 0.099676985045 0.177757938653 F
 1289 85 113 64.9471799463 0.0313497260246 0.388195957084 F
 1290 90 138 79.3160250671 0.0167028720201 0.182312622913 F
 1291 266 374 214.957923008 0.0797970123474 0.307371958975 F
 1292 109 145 83.339301701 0.04011684437 0.387259218123 F
 1293 45 64 36.7842435094 0.0128441642809 0.290837079691 F
 1294 108 153 87.9373321397 0.0313651216667 0.296483642832 F
 1295 151 193 110.927484333 0.0626476667078 0.444931685418 F
 1296 186 205 117.824529991 0.106582630306 0.658662694964 F
 1297 238 310 178.173679499 0.0935299250557 0.417677341395 F
 1298 59 92 52.8773500448 0.00957189054344 0.158065076666 F
 1299 821 1406 808.103849597 0.020161293066 0.0228415160663 F
 1300 612 1189 683.382273948 0.0 -0.159161173692 F
 1301 250 403 231.625783348 0.0287254688571 0.110132239495 F
 1302 179 298 171.276633841 0.0120743821784 0.0636312401631 F
 1303 142 249 143.113697404 0.0 -0.0112708292024 F
 1304 293 504 289.675917637 0.00519672899368 0.0164609142833 F
 1305 93 218 125.296329454 0.0 -0.430041530308 F
 1306 156 285 163.804834378 0.0 -0.0704319068288 F
 1307 184 295 169.552372426 0.0225868064907 0.117974795169 F
 1308 193 285 163.804834378 0.045642480262 0.236622911577 F
 1309 632 1025 589.122649955 0.0670326254843 0.101356537145 F
 1310 694 1181 678.784243509 0.0237876665706 0.0319825865421 F
 1311 108 191 109.777976723 0.0 -0.0235573425113 F
 1312 847 1406 808.103849597 0.0608085872848 0.0678212636207 F
 1313 813 1327 762.698299015 0.078639539986 0.0921428700658 F
 1314 268 504 289.675917637 0.0 -0.112206749681 F
 1315 315 418 240.247090421 0.116865519592 0.390832869667 F
 1316 170 220 126.445837064 0.0680907259743 0.427015205974 F
 1317 61 48 27.5881826321 0.052234614267 1.1447588202 P
 1318 1410 1080 620.734109221 1.23390472613 1.1836478336 P
 1319 2289 563 323.586392122 3.00287099566 2.82249461884 P
 1320 490 581 333.931960609 0.243990135203 0.553227568959 F
 1321 1313 1946 1118.47090421 0.30411851503 0.231339189473 F
 1322 52 64 36.7842435094 0.0237876665706 0.499423701502 F
 1323 79 75 43.1065353626 0.0561143160635 0.873946041042 P
 1324 326 358 205.761862131 0.187975191011 0.663896360328 F
 1325 4465 1721 989.15129812 3.00287099566 2.17439706133 P
 1326 115 142 81.6150402865 0.0521926261523 0.494726914801 F
 1327 39 45 25.8639212175 0.0205363868905 0.592533105894 F
 1328 63 116 66.6714413608 0.0 -0.0817170882666 F
 1329 70 68 39.0832587287 0.0483339184131 0.840804159056 P
 1330 392 804 462.102059087 0.0 -0.237357863703 F
 1331 92 85 48.8540734109 0.0674525066312 0.91315500328 P
 1332 188 210 120.698299015 0.105216616975 0.639327317373 F
 1333 359 569 327.034914951 0.0499728544895 0.134539174877 F
 1334 124 246 141.389435989 0.0 -0.189334211591 F
 1335 237 416 239.097582811 0.0 -0.0127124858818 F
 1336 691 1090 626.481647269 0.10086524869 0.141413464085 F
 1337 159 181 104.030438675 0.0859370743175 0.612021051562 F
 1338 71 109 62.6481647269 0.013056904062 0.180546778089 F
 1339 178 338 194.266786034 0.0 -0.126162021955 F
 1340 562 837 481.068934646 0.126524185572 0.224326491032 F
 1341 182 272 156.333034915 0.0401266415968 0.219315782309 F
 1342 522 706 405.776186213 0.18169936747 0.36336560666 F
 1343 63 103 59.1996418979 0.00594131822736 0.0897633796777 F
 1344 104 212 121.847806625 0.0 -0.228496753061 F
 1345 932 1412 811.552372426 0.188302698306 0.199645754744 F
 1346 1747 670 385.085049239 2.12915991172 2.18163059093 P
 1347 138 256 147.136974038 0.0 -0.0924915598608 F
 1348 243 342 196.565801253 0.0725932514719 0.305943972081 F
 1349 88 85 48.8540734109 0.0611990767513 0.849024665861 P
 1350 15 37 21.2658907789 0.0 -0.503578786659 F
 1351 80 118 67.8209489705 0.019040210404 0.238269028887 F
 1352 247 295 169.552372426 0.121078327098 0.542780070696 F
 1353 89 161 92.5353625783 0.0 -0.0561994637872 F
 1354 80 111 63.7976723366 0.0253300299832 0.326496211898 F
 1355 404 626 359.795881826 0.0691068383496 0.16717661918 F
 1356 130 187 107.478961504 0.0352084337638 0.274457336502 F
 1357 204 318 182.771709937 0.0331874058438 0.158526370048 F
 1358 90 107 61.4986571173 0.0445577872994 0.54937009329 F
 1359 1023 1043 599.468218442 0.662131574462 0.771050970587 F
 1360 885 517 297.147717099 0.919023257703 1.57449715802 P
 1361 866 1221 701.774395703 0.256743325236 0.3033597131 F
 1362 241 400 229.901521934 0.01735088859 0.0680171298162 F
 1363 188 283 162.655326768 0.0396227842206 0.208914592207 F
 1364 134 146 83.9140555058 0.0783022354647 0.675248614939 F
 1365 84 81 46.5550581916 0.0585398294882 0.851451403255 P
 1366 32 35 20.1163831692 0.0185783411425 0.669700966416 F
 1367 312 156 89.6615935542 0.347594408575 1.79898398336 P
 1368 323 338 194.266786034 0.201256031685 0.733494901773 F
 1369 182 260 149.435989257 0.0509091894469 0.284410810531 F
 1370 679 947 544.291853178 0.210596987598 0.319031132137 F
 1371 1320 471 270.709042077 1.64041685722 2.28572294799 P
 1372 169 284 163.230080573 0.0090204466373 0.0501163001385 F
 1373 46 76 43.6812891674 0.00362497390079 0.0746184259744 F
 1374 283 481 276.456580125 0.0102297043401 0.0337491424229 F
 1375 109 104 59.7743957028 0.0769572161911 0.866728589997 P
 1376 449 542 311.51656222 0.214935759448 0.527406576748 F
 1377 496 652 374.739480752 0.189573538577 0.404452139517 F
 1378 96 161 92.5353625783 0.00541646679385 0.0530296059676 F
 1379 807 1126 647.172784244 0.249867071655 0.318417734559 F
 1380 507 634 364.393912265 0.222944292522 0.476486890225 F
 1381 256 286 164.379588183 0.143235455215 0.639112646583 F
 1382 216 175 100.581915846 0.18043972403 1.10266037369 P
 1383 384 155 89.0868397493 0.461054692066 2.10782207881 P
 1384 39 18 10.345568487 0.0447971195531 1.91446120078 P
 1385 53 47 27.0134288272 0.0406263001615 0.972315586247 P
 1386 49 56 32.1862130707 0.0262859593941 0.606338905419 F
 1387 517 685 393.706356312 0.192752038858 0.393044275828 F
 1388 246 256 147.136974038 0.154558250141 0.7414984887 F
 1389 160 239 137.366159355 0.0353847838455 0.220045270268 F
 1390 585 951 546.590868397 0.0600472028053 0.0979752669712 F
 1391 1466 1297 745.45568487 1.12646833749 0.975690607243 P
 1392 38 65 37.3589973142 0.00100211633705 0.0245436837761 F
 1393 28 37 21.2658907789 0.0105278199543 0.39688553979 F
 1394 185 109 62.6481647269 0.191279655637 1.5621811191 P
 1395 550 608 349.450313339 0.313530850738 0.654344278329 F
 1396 498 611 351.174574754 0.229540625338 0.50395734561 F
 1397 581 985 566.132497762 0.0232432206836 0.0373984224218 F
 1398 195 247 141.964189794 0.0829139300605 0.457947065526 F
 1399 429 607 348.875559534 0.125263142528 0.298265114605 F
 1400 194 146 83.9140555058 0.172103683662 1.20907226667 P
 1401 181 221 127.020590868 0.0843891124896 0.510927311053 F
 1402 450 455 261.5129812 0.294672588831 0.783042439492 F
 1403 70 139 79.890778872 0.0 -0.190674072418 F
 1404 36 46 26.4386750224 0.0149477688264 0.445347028746 F
 1405 849 860 494.288272158 0.554541229403 0.780411877325 F
 1406 366 408 234.499552372 0.205582207101 0.642258479674 F
 1407 29 63 36.2094897046 0.0 -0.320314945011 F
 1408 64 49 28.1629364369 0.0560261410226 1.18427413925 P
 1409 360 375 215.532676813 0.225854068869 0.740090294307 F
 1410 111 146 83.9140555058 0.0423450136558 0.403575290831 F
 1411 126 188 108.053715309 0.0280564582298 0.221675055183 F
 1412 762 1258 723.040286482 0.0609079591562 0.075714963975 F
 1413 468 940 540.268576544 0.0 -0.207168243621 F
 1414 211 380 218.406445837 0.0 -0.0497724362628 F
 1415 45 61 35.0599820949 0.0155398012434 0.360099742128 F
 1416 138 176 101.156669651 0.0575992957194 0.448076821502 F
 1417 32 45 25.8639212175 0.00959288460078 0.307130887031 F
 1418 198 111 63.7976723366 0.209806211438 1.63392473709 P
 1419 314 186 106.904207699 0.32376475389 1.55444592114 P
 1420 142 208 119.548791406 0.0350992646656 0.248291384725 F
 1421 2326 789 453.480752014 2.92741695397 2.35873787482 P
 1422 906 1084 623.03312444 0.442378378656 0.540202182053 F
 1423 375 500 287.376902417 0.136986224147 0.383946484082 F
 1424 1714 2344 1347.22291853 0.573403690122 0.347378523051 F
 1425 191 218 125.296329454 0.102718324152 0.60822848662 F
 1426 203 329 189.094001791 0.021740046178 0.102376126811 F
 1427 100 61 35.0599820949 0.101524462091 1.51210283557 P
 1428 231 124 71.2694717995 0.249715914442 1.69653671439 P
 1429 782 1301 747.75470009 0.0535376454259 0.0646035339506 F
 1430 167 253 145.412712623 0.0337486469767 0.199694701141 F
 1431 259 452 259.788719785 0.0 -0.00438669136762 F
 1432 329 677 389.108325873 0.0 -0.242084266479 F
 1433 102 184 105.75470009 0.0 -0.0521526307245 F
 1434 58 122 70.1199641898 0.0 -0.273772359074 F
 1435 521 808 464.401074306 0.0884843532749 0.165912062888 F
 1436 80 126 72.4189794091 0.0118518451706 0.143632154748 F
 1437 84 198 113.801253357 0.0 -0.43805521394 F
 1438 144 202 116.100268577 0.0436172535306 0.310697502052 F
 1439 112 139 79.890778872 0.0501981907049 0.487397832695 F
 1440 227 321 184.495971352 0.0664489906903 0.29910298353 F
 1441 529 843 484.517457475 0.0695421151384 0.126719074533 F
 1442 489 709 407.500447628 0.127412933999 0.263032821074 F
 1443 235 329 189.094001791 0.0717674852165 0.313557156191 F
 1444 134 156 89.6615935542 0.069316778923 0.579670954957 F
 1445 1480 1788 1027.65980304 0.707169425872 0.526234422694 F
 1446 46 75 43.1065353626 0.00452351955496 0.0937272489221 F
 1447 302 261 150.010743062 0.237613540187 1.00948272612 P
 1448 605 771 443.135183527 0.253052569955 0.449188265608 F
 1449 639 1036 595.444941808 0.0680921255781 0.101847816621 F
 1450 366 662 380.4870188 0.0 -0.0560035851622 F
 1451 93 191 109.777976723 0.0 -0.239286033567 F
 1452 42 64 36.7842435094 0.00815409187104 0.19130140614 F
 1453 20 40 22.9901521934 0.0 -0.201016016639 F
 1454 26 72 41.3822739481 0.0 -0.67050129994 F
 1455 93 188 108.053715309 0.0 -0.216446057209 F
 1456 32 40 22.9901521934 0.0140856128716 0.477055888474 F
 1457 117 211 121.27305282 0.0 -0.0517504857628 F
 1458 45 61 35.0599820949 0.0155398012434 0.360099742128 F
 1459 867 1411 810.977618621 0.087583008413 0.0963698939856 F
 1460 121 38 21.8406445837 0.155021519006 2.46991970719 P
 1461 135 171 98.2829006267 0.0574019515804 0.457947065526 F
 1462 27 19 10.9203222919 0.0251382842595 1.30594397208 P
 1463 119 206 118.399283796 0.000939134165031 0.00730121948574 F
 1464 25 24 13.794091316 0.0175188410487 0.857877672415 P
 1465 53 97 55.7511190689 0.0 -0.0730084042629 F
 1466 47 64 36.7842435094 0.0159708792208 0.353572835039 F
 1467 107 196 112.651745748 0.0 -0.074258874353 F
 1468 1310 1947 1119.04565801 0.298529896966 0.227297911066 F
 1469 77 133 76.442256043 0.000871953181542 0.0104880885547 F
 1470 422 654 375.888988362 0.0720879944919 0.16693634657 F
 1471 192 145 83.339301701 0.169875514376 1.20403739407 P
 1472 174 102 58.6248880931 0.180372543047 1.56950213724 P
 1473 82 82 47.1298119964 0.0545145688941 0.798983983361 F
 1474 2084 1635 939.722470904 1.78891482281 1.14904862525 P
 1475 21 25 14.3688451209 0.0103668655147 0.547445216365 F
 1476 12 32 18.3921217547 0.0 -0.616053515918 F
 1477 34 58 33.3357206804 0.00103850603644 0.0284658294838 F
 1478 48 103 59.1996418979 0.0 -0.302554043101 F
 1479 68 66 37.9337511191 0.0470042947815 0.842052705253 P
 1480 106 171 98.2829006267 0.0120645849517 0.109051923038 F
 1481 45 70 40.2327663384 0.00745289035587 0.161554062746 F
 1482 60 143 82.1897940913 0.0 -0.453996757809 F
 1483 142 256 147.136974038 0.0 -0.0512688971343 F
 1484 25 30 17.242614145 0.0121275671237 0.535949577527 F
 1485 12 33 18.9668755595 0.0 -0.660447635276 F
 1486 30 32 18.3921217547 0.0181472631651 0.70587457897 F
 1487 122 155 89.0868397493 0.0514550349377 0.45359691565 F
 1488 2725 493 283.353625783 3.00287099566 3.26558066153 P
 1489 243 63 36.2094897046 0.323287488986 2.74651656347 P
 1490 1099 302 173.57564906 1.44676907192 2.66255491499 P
 1491 173 182 104.60519248 0.106925533243 0.725817570799 F
 1492 3042 1541 885.69561325 3.00287099566 1.78013727457 P
 1493 602 203 116.675022381 0.758736429116 2.36726774294 P
 1494 172 326 187.369740376 0.0 -0.123479416168 F
 1495 105 203 116.675022381 0.0 -0.152106416158 F
 1496 109 137 78.7412712623 0.0473052096034 0.469136225177 F
 1497 32 41 23.5649059982 0.0131870672175 0.441431978743 F
 1498 70 126 72.4189794091 0.0 -0.0490129231939 F
 1499 106 111 63.7976723366 0.065977324202 0.732488571574 F
 1500 52 76 43.6812891674 0.0130051187205 0.251496188059 F
 1501 51 67 38.5085049239 0.0195286721381 0.405320134875 F
 1502 255 235 135.067144136 0.187497926108 0.916820473655 P
 1503 503 116 66.6714413608 0.682137511503 2.91541757804 P
 1504 93 148 85.0635631155 0.0124074878882 0.12868942884 F
 1505 23 28 16.0931065354 0.0107979434921 0.51519101736 F
 1506 176 127 72.993733214 0.161035616632 1.26973091523 P
 1507 574 399 229.326768129 0.538847471739 1.32364597381 P
 1508 99 147 84.4888093107 0.0226861783621 0.228668258604 F
 1509 636 873 501.76007162 0.209864994798 0.342029095016 F
 1510 164 275 158.057296329 0.00929057017508 0.0532481795671 F
 1511 26 75 43.1065353626 0.0 -0.729394988994 F
 1512 243 243 139.665174575 0.161549271235 0.798983983361 F
 1513 201 265 152.309758281 0.0761202531051 0.400187125089 F
 1514 166 258 148.286481647 0.0276925612359 0.162796159285 F
 1515 672 970 557.511190689 0.178986935262 0.269460469065 F
 1516 586 747 429.341092211 0.244913873726 0.448776404994 F
 1517 254 347 199.439570278 0.0852974553706 0.348876817555 F
 1518 302 468 268.984780662 0.0516145897735 0.167024003103 F
 1519 257 249 143.113697404 0.178045001889 0.844606600487 P
 1520 834 293 168.402864816 1.04056625327 2.30813070238 P
 1521 202 47 27.0134288272 0.273566563185 2.90260661444 P
 1522 20 28 16.0931065354 0.00610787108226 0.313557156191 F
 1523 12 35 20.1163831692 0.0 -0.745336532863 F
 1524 226 271 155.75828111 0.109812915929 0.537013904422 F
 1525 470 807 463.826320501 0.00965166796133 0.0190760666482 F
 1526 58 100 57.4753804834 0.000820167840102 0.0131087887139 F
 1527 145 285 163.804834378 0.0 -0.175925035676 F
 1528 45 109 62.6481647269 0.0 -0.477347245086 F
 1529 15 30 17.242614145 0.0 -0.201016016639 F
 1530 130 186 106.904207699 0.036106979418 0.282192985281 F
 1531 690 1008 579.351835273 0.172982634863 0.252156611527 F
 1532 45 73 41.9570277529 0.00475725339335 0.101012520811 F
 1533 77 152 87.3625783348 0.0 -0.182156989388 F
 1534 110 164 94.2596239928 0.0246078344107 0.222791692268 F
 1535 119 151 86.78782453 0.0503591451445 0.455397007344 F
 1536 269 352 202.313339302 0.104255089149 0.41101472728 F
 1537 74 145 83.339301701 0.0 -0.171471741025 F
 1538 26 23 13.2193375112 0.0199807441729 0.975861745445 P
 1539 10 18 10.345568487 0.0 -0.0490129231939 F
 1540 35 43 24.7144136079 0.016080048319 0.502002245604 F
 1541 33 83 47.7045658013 0.0 -0.531661328627 F
 1542 493 694 398.879140555 0.147144548692 0.305635967161 F
 1543 584 335 192.54252462 0.611987968306 1.6007912569 P
 1544 130 149 85.6383169203 0.0693531686224 0.602183275927 F
 1545 46 95 54.6016114593 0.0 -0.247309668913 F
 1546 100 123 70.6947179946 0.0458146315322 0.500325667796 F
 1547 208 322 185.070725157 0.035846653107 0.168506823387 F
 1548 64 79 45.4055505819 0.0290697713975 0.495203235184 F
 1549 480 818 470.148612355 0.015401240465 0.0299175460278 F
 1550 458 676 388.533572068 0.108600859019 0.237308335176 F
 1551 147 210 120.698299015 0.0411189607071 0.284410810531 F
 1552 104 204 117.249776186 0.0 -0.173001640469 F
 1553 338 644 370.141450313 0.0 -0.131053458471 F
 1554 310 410 235.649059982 0.116237097475 0.39562828913 F
 1555 756 1014 582.800358102 0.270772953955 0.375384470579 F
 1556 1996 1298 746.030438675 1.95414925091 1.4198053207 P
 1557 212 335 192.54252462 0.0304189894825 0.138887152579 F
 1558 581 1044 600.042972247 0.0 -0.0465276598043 F
 1559 285 610 350.599820949 0.0 -0.298863340037 F
 1560 84 134 77.0170098478 0.0109169098171 0.125212215682 F
 1561 65 145 83.339301701 0.0 -0.358557293625 F
 1562 55 76 43.6812891674 0.0176951911304 0.332416183442 F
 1563 250 361 207.486123545 0.0664643863323 0.268913241136 F
 1564 165 291 167.253357207 0.0 -0.0195691453015 F
 1565 237 354 203.462846911 0.0524305588021 0.220121682176 F
 1566 615 1061 609.813786929 0.0081079049449 0.0122176426728 F
 1567 83 130 74.7179946285 0.0129477349638 0.151655601679 F
 1568 856 755 433.93912265 0.659832025381 0.98011813555 P
 1569 861 1381 793.735004476 0.105159233218 0.1173558065 F
 1570 72 74 42.5317815577 0.046069359428 0.759455619174 F
 1571 97 83 47.7045658013 0.0770663852893 1.0238573942 P
 1572 142 89 51.1530886303 0.142026197512 1.4729976719 P
 1573 46 65 37.3589973142 0.0135089760967 0.30017812639 F
 1574 1012 1347 774.193375112 0.371776763424 0.386443422593 F
 1575 127 115 66.096687556 0.0952136484544 0.942178619189 P
 1576 527 643 369.566696509 0.246124531033 0.51196820767 F
 1577 484 670 385.085049239 0.154639427162 0.32982993529 F
 1578 703 1106 635.677708147 0.105248807863 0.145229192199 F
 1579 165 253 145.412712623 0.0306219320368 0.182312622913 F
 1580 124 225 129.319606088 0.0 -0.0606008974691 F
 1581 430 585 336.230975828 0.146594504389 0.35488401848 F
 1582 300 504 289.675917637 0.0161402312834 0.050522750357 F
 1583 150 318 182.771709937 0.0 -0.285080281427 F
 1584 655 1103 633.953446732 0.0329032862678 0.0471180041944 F
 1585 513 1002 575.903312444 0.0 -0.166867794227 F
 1586 120 228 131.043867502 0.0 -0.127015435195 F
 1587 150 296 170.127126231 0.0 -0.181650691772 F
 1588 105 125 71.8442256043 0.0518343275737 0.547445216365 F
 1589 252 523 300.596239928 0.0 -0.254403229386 F
 1590 143 161 92.5353625783 0.0788942678817 0.627938442025 F
 1591 227 405 232.775290958 0.0 -0.0362456271201 F
 1592 149 198 113.801253357 0.0550282234971 0.388795883744 F
 1593 340 248 142.538943599 0.30870221755 1.25417860911 P
 1594 568 1030 591.996418979 0.0 -0.0596975192049 F
 1595 153 218 125.296329454 0.0433107402934 0.288187501277 F
 1596 1305 2453 1409.87108326 0.0 -0.111513443739 F
 1597 688 1208 694.30259624 0.0 -0.013156001262 F
 1598 214 342 196.565801253 0.0272558848432 0.122598454876 F
 1599 229 486 279.33034915 0.0 -0.286624732148 F
 1600 113 230 132.193375112 0.0 -0.226327105168 F
 1601 219 359 206.336615936 0.0197973960721 0.0859310091391 F
 1602 451 936 537.969561325 0.0 -0.254397112967 F
 1603 179 367 210.934646374 0.0 -0.236836492218 F
 1604 214 408 234.499552372 0.0 -0.131974372209 F
 1605 75 122 70.1199641898 0.00762924043753 0.097065336294 F
 1606 301 572 328.759176365 0.0 -0.127267676658 F
 1607 662 1111 638.551477171 0.0366584233241 0.0520282887791 F
 1608 241 570 327.609668756 0.0 -0.442944789461 F
 1609 64 166 95.4091316025 0.0 -0.576055447986 F
 1610 1124 1885 1083.41092211 0.0634552381135 0.0530614954259 F
 1611 429 905 520.152193375 0.0 -0.27795616111 F
 1612 470 867 498.311548791 0.0 -0.0843872532958 F
 1613 2127 3617 2078.88451209 0.075221707451 0.0330104186659 F
 1614 51 103 59.1996418979 0.0 -0.215091201851 F
 1615 117 262 150.585496867 0.0 -0.364074298593 F
 1616 531 953 547.740376007 0.0 -0.0447803697448 F
 1617 75 154 88.5120859445 0.0 -0.238983866838 F
 1618 61 104 59.7743957028 0.00191605763327 0.0292816027828 F
 1619 113 226 129.894359893 0.0 -0.201016016639 F
 1620 118 198 113.801253357 0.00656414192846 0.0522704126432 F
 1621 116 204 117.249776186 0.0 -0.0154603634829 F
 1622 133 326 187.369740376 0.0 -0.494461735369 F
 1623 96 161 92.5353625783 0.00541646679385 0.0530296059676 F
 1624 93 231 132.768128917 0.0 -0.513606246947 F
 1625 374 765 439.686660698 0.0 -0.233437494331 F
 1626 379 781 448.882721576 0.0 -0.24414071661 F
 1627 103 257 147.711727842 0.0 -0.52014003865 F
 1628 106 245 140.814682184 0.0 -0.409733501078 F
 1629 327 413 237.373321397 0.140118537502 0.46213283744 F
 1630 1402 2136 1227.67412713 0.272533655564 0.191558685684 F
 1631 139 130 74.7179946285 0.100495753281 0.895557243056 P
 1632 1614 3206 1842.6606983 0.0 -0.191149863516 F
 1633 208 165 94.8343777977 0.176918320812 1.13310148726 P
 1634 971 797 458.078782453 0.80187921695 1.08387555479 P
 1635 223 253 145.412712623 0.121296665294 0.616890308587 F
 1636 18 43 24.7144136079 0.0 -0.457355769899 F
 1637 120 99 56.9006266786 0.0986468766315 1.07651795889 P
 1638 223 137 78.7412712623 0.225527961178 1.50185180032 P
 1639 425 290 166.678603402 0.403848685021 1.35039392437 P
 1640 29 70 40.2327663384 0.0 -0.472318038456 F
 1641 43 106 60.9239033124 0.0 -0.5026717165 F
 1642 969 1327 762.698299015 0.322523305299 0.345384183406 F
 1643 62 85 48.8540734109 0.0205517825325 0.34378935761 F
 1644 81 168 96.5586392122 0.0 -0.253483436533 F
 1645 88 154 88.5120859445 0.0 -0.00837093869659 F
 1646 500 465 267.260519248 0.363855005787 0.903681362028 P
 1647 86 179 102.880931065 0.0 -0.258567039201 F
 1648 161 182 104.60519248 0.0881652436033 0.622106221277 F
 1649 205 185 106.329453894 0.154257335319 0.94708262235 P
 1650 258 507 291.400179051 0.0 -0.175630698219 F
 1651 426 257 147.711727842 0.435064049078 1.52806905439 P
 1652 32 61 35.0599820949 0.0 -0.131753354202 F
 1653 28 39 22.4153983885 0.008730728646 0.320936686556 F
 1654 419 777 446.583706356 0.0 -0.0919803713473 F
 1655 628 770 442.560429722 0.289908337419 0.50489009667 F
 1656 165 384 220.705461056 0.0 -0.419656303114 F
 1657 42 113 64.9471799463 0.0 -0.628877556275 F
 1658 152 282 162.080572963 0.0 -0.0926398555942 F
 1659 415 782 449.45747538 0.0 -0.115073287712 F
 1660 93 133 76.442256043 0.0258856727008 0.282860358968 F
 1661 15 53 30.4619516562 0.0 -1.02204587559 F
 1662 112 177 101.731423456 0.0160534558464 0.138733355336 F
 1663 85 145 83.339301701 0.00259626509111 0.0284658294838 F
 1664 306 738 424.168307968 0.0 -0.471105180007 F
 1665 376 718 412.673231871 0.0 -0.134267198784 F
 1666 174 412 236.798567592 0.0 -0.444573047973 F
 1667 163 215 123.572068039 0.0616399519555 0.399519288003 F
 1668 120 168 96.5586392122 0.0366472264936 0.313557156191 F
 1669 20 56 32.1862130707 0.0 -0.686442843809 F
 1670 86 156 89.6615935542 0.0 -0.0601534807991 F
 1671 12 27 15.5183527305 0.0 -0.370941018081 F
 1672 21 43 24.7144136079 0.0 -0.234963348562 F
 1673 57 115 66.096687556 0.0 -0.213616053419 F
 1674 15 85 48.8540734109 0.0 -1.70351635717 F
 1675 528 988 567.856759176 0.0 -0.104989128865 F
 1676 48 110 63.2229185318 0.0 -0.397413229442 F
 1677 35 54 31.0367054611 0.00619604612309 0.173379498143 F
 1678 68 39 22.4153983885 0.0712650274442 1.60104460575 P
 1679 115 41 23.5649059982 0.142945737224 2.28692202969 P
 1680 608 496 285.077887198 0.504842697263 1.09271518642 P
 1681 11711 841 483.367949866 3.00287099566 4.5985986452 P
 1682 145 140 80.4655326768 0.100890441559 0.849610056431 P
 1683 65 81 46.5550581916 0.0288360375591 0.481501793505 F
 1684 188 227 130.469113697 0.0899413408543 0.527024347748 F
 1685 106 188 108.053715309 0.0 -0.0276844137534 F
 1686 494 1177 676.48522829 0.0 -0.453547390093 F
 1687 248 568 326.460161146 0.0 -0.396566825757 F
 1688 280 651 374.164726947 0.0 -0.41824673286 F
 1689 353 282 162.080572963 0.298475312417 1.12295700423 P
 1690 151 194 111.502238138 0.0617491210537 0.437475880499 F
 1691 99 75 43.1065353626 0.0873814654626 1.19952191294 P
 1692 280 334 191.967770815 0.137625843094 0.544562707832 F
 1693 155 119 68.3957027753 0.135393474996 1.18029062533 P
 1694 33 45 25.8639212175 0.0111562420707 0.35152500639 F
 1695 16 6 3.44852282901 0.0196224455942 2.21402148264 P
 1696 29 38 21.8406445837 0.0111926317701 0.409037465045 F
 1697 20 9 5.17278424351 0.0231802385115 1.95098707681 P
 1698 112 124 71.2694717995 0.0636763755175 0.652142595032 F
 1699 159 95 54.6016114593 0.163212000576 1.54201133031 P
 1700 98 150 86.2130707252 0.0184271839297 0.18487513698 F
 1701 1405 694 398.879140555 1.57292656129 1.81654654589 P
 1702 268 100 57.4753804834 0.329125236531 2.22121698404 P
 1703 299 663 381.061772605 0.0 -0.349879402553 F
 1704 170 368 211.509400179 0.0 -0.315187036558 F
 1705 27 37 21.2658907789 0.00896446248439 0.344418119896 F
 1706 380 768 441.410922113 0.0 -0.216122909029 F
 1707 1685 901 517.853178156 1.82466770246 1.70213356362 P
 1708 79 145 83.339301701 0.0 -0.0771443584768 F
 1709 677 1745 1002.94538944 0.0 -0.567015314161 F
 1710 62 141 81.0402864816 0.0 -0.386371058651 F
 1711 144 171 98.2829006267 0.0714721688099 0.551056469917 F
 1712 535 108 62.0734109221 0.739353315775 3.10749156249 P
 1713 50 63 36.2094897046 0.0215594972849 0.465560249636 F
 1714 198 168 96.5586392122 0.15858910915 1.03602318066 P
 1715 39 16 9.19606087735 0.0465942108615 2.08438620222 P
 1716 40 47 27.0134288272 0.0203026530521 0.566323226571 F
 1717 53 35 20.1163831692 0.0514088480116 1.39762142098 P
 1718 82 81 46.5550581916 0.0554131145483 0.816685985094 F
 1719 24 25 14.3688451209 0.0150569379246 0.740090294307 F
 1720 380 111 63.7976723366 0.49433727097 2.57442372534 P
 1721 2645 603 346.576544315 3.00287099566 2.93202179846 P
 1722 244 334 191.967770815 0.0813449741753 0.34601702845 F
 1723 121 261 150.010743062 0.0 -0.310058775934 F
 1724 20 45 25.8639212175 0.0 -0.370941018081 F
 1725 8 17 9.77081468218 0.0 -0.288478857889 F
 1726 11 25 14.3688451209 0.0 -0.385440587776 F
 1727 359 573 329.33393017 0.0463786718728 0.124432688427 F
 1728 27 25 14.3688451209 0.0197470103345 0.91001529575 P
 1729 4 12 6.89704565801 0.0 -0.78597851736 F
 1730 148 159 91.3858549687 0.0885081465398 0.695554393706 F
 1731 2806 369 212.084153984 3.00287099566 3.72580627092 P
 1732 49 78 44.8307967771 0.00651795500231 0.128291608614 F
 1733 93 192 110.352730528 0.0 -0.246819706252 F
 1734 15 23 13.2193375112 0.00278381200335 0.182312622913 F
 1735 5 17 9.77081468218 0.0 -0.966550763002 F
 1736 25 20 11.4950760967 0.0211130236654 1.12091207825 P
 1737 253 239 137.366159355 0.180777028551 0.881110750075 P
 1738 9 8 4.59803043868 0.00688185199621 0.968908984803 P
 1739 122 377 216.682184423 0.0 -0.828699392345 F
 1740 115 208 119.548791406 0.0 -0.0559656838357 F
 1741 134 324 186.220232766 0.0 -0.474776829066 F
 1742 53 136 78.1665174575 0.0 -0.560558403326 F
 1743 16 30 17.242614145 0.0 -0.107906612248 F
 1744 3 17 9.77081468218 0.0 -1.70351635717 F
 1745 5 9 5.17278424351 0.0 -0.0490129231939 F
 1746 0 1 0.574753804834 0.0 0 F
 1747 6 4 2.29901521934 0.00578596220304 1.38394648408 P
 1748 20 9 5.17278424351 0.0231802385115 1.95098707681 P
 1749 319 60 34.4852282901 0.444798293665 3.20950600152 P
 1750 32 26 14.9435989257 0.0266652520301 1.09854426522 P
 1751 32 92 52.8773500448 0.0 -0.724577972696 F
 1752 1 0 0.0 0.00156335746995 0 P
 1753 0 4 2.29901521934 0.0 0 F
 1754 21 7 4.02327663384 0.0265406872898 2.38394648408 P
 1755 8 4 2.29901521934 0.00891267714295 1.79898398336 P
 1756 19 20 11.4950760967 0.0117328788457 0.724983401917 F
 1757 47 60 34.4852282901 0.0195650618375 0.44668223943 F
 1758 0 0 0.0 0.0 0 F
 1759 0 0 0.0 0.0 0 F
 1760 6 4 2.29901521934 0.00578596220304 1.38394648408 P
 1761 0 4 2.29901521934 0.0 0 F
 1762 12 12 6.89704565801 0.00797774178938 0.798983983361 F
 1763 0 2 1.14950760967 0.0 0 F
 1764 4 7 4.02327663384 0.0 -0.00837093869659 F
 1765 0 1 0.574753804834 0.0 0 F
 1766 0 0 0.0 0.0 0 F
 1767 0 0 0.0 0.0 0 F
 1768 0 1 0.574753804834 0.0 0 F
 1769 0 1 0.574753804834 0.0 0 F
 1770 1 2 1.14950760967 0.0 -0.201016016639 F
 1771 0 0 0.0 0.0 0 F
 1772 0 0 0.0 0.0 0 F
 1773 0 0 0.0 0.0 0 F
 1774 0 0 0.0 0.0 0 F
 1775 0 0 0.0 0.0 0 F
 1776 0 0 0.0 0.0 0 F
 1777 0 0 0.0 0.0 0 F
 1778 0 0 0.0 0.0 0 F
 1779 0 0 0.0 0.0 0 F
 1780 0 8 4.59803043868 0.0 0 F
 1781 0 0 0.0 0.0 0 F
 1782 0 0 0.0 0.0 0 F
 1783 0 0 0.0 0.0 0 F
 1784 0 0 0.0 0.0 0 F
 1785 0 0 0.0 0.0 0 F
 1786 0 0 0.0 0.0 0 F
 1787 0 0 0.0 0.0 0 F
 1788 0 0 0.0 0.0 0 F
 1789 0 0 0.0 0.0 0 F
 1790 0 0 0.0 0.0 0 F
 1791 0 0 0.0 0.0 0 F
 1792 0 0 0.0 0.0 0 F
 1793 0 0 0.0 0.0 0 F
 1794 0 0 0.0 0.0 0 F
 1795 0 0 0.0 0.0 0 F
 1796 0 0 0.0 0.0 0 F
 1797 0 0 0.0 0.0 0 F
 1798 0 0 0.0 0.0 0 F
 1799 0 0 0.0 0.0 0 F
 1800 0 0 0.0 0.0 0 F
