RDN18-1 1 3471 1945
RDN18-1 2 1147 1817
RDN18-1 3 359 172
RDN18-1 4 404 194
RDN18-1 5 170 57
RDN18-1 6 524 356
RDN18-1 7 1321 596
RDN18-1 8 241 111
RDN18-1 9 129 47
RDN18-1 10 766 503
RDN18-1 11 824 363
RDN18-1 12 145 63
RDN18-1 13 128 51
RDN18-1 14 170 61
RDN18-1 15 146 67
RDN18-1 16 215 133
RDN18-1 17 173 73
RDN18-1 18 126 50
RDN18-1 19 398 209
RDN18-1 20 475 277
RDN18-1 21 120 55
RDN18-1 22 223 133
RDN18-1 23 1048 845
RDN18-1 24 139 302
RDN18-1 25 1981 3929
RDN18-1 26 503 332
RDN18-1 27 3216 1471
RDN18-1 28 363 267
RDN18-1 29 160 69
RDN18-1 30 372 151
RDN18-1 31 344 173
RDN18-1 32 190 81
RDN18-1 33 218 82
RDN18-1 34 737 407
RDN18-1 35 131 45
RDN18-1 36 1819 874
RDN18-1 37 211 110
RDN18-1 38 138 62
RDN18-1 39 426 545
RDN18-1 40 212 421
RDN18-1 41 99 102
RDN18-1 42 1711 2184
RDN18-1 43 456 315
RDN18-1 44 202 88
RDN18-1 45 426 219
RDN18-1 46 232 166
RDN18-1 47 344 225
RDN18-1 48 645 252
RDN18-1 49 108 48
RDN18-1 50 1502 687
RDN18-1 51 340 250
RDN18-1 52 664 278
RDN18-1 53 114 65
RDN18-1 54 652 298
RDN18-1 55 218 191
RDN18-1 56 273 109
RDN18-1 57 992 779
RDN18-1 58 282 94
RDN18-1 59 403 191
RDN18-1 60 492 226
RDN18-1 61 165 119
RDN18-1 62 500 194
RDN18-1 63 555 270
RDN18-1 64 1610 593
RDN18-1 65 1074 5409
RDN18-1 66 700 391
RDN18-1 67 322 1417
RDN18-1 68 276 279
RDN18-1 69 166 95
RDN18-1 70 700 289
RDN18-1 71 1894 4966
RDN18-1 72 1869 2141
RDN18-1 73 930 529
RDN18-1 74 374 213
RDN18-1 75 2101 1242
RDN18-1 76 265 1218
RDN18-1 77 3566 2143
RDN18-1 78 233 179
RDN18-1 79 526 812
RDN18-1 80 948 1699
RDN18-1 81 102 54
RDN18-1 82 76 21
RDN18-1 83 293 128
RDN18-1 84 452 842
RDN18-1 85 1460 968
RDN18-1 86 274 110
RDN18-1 87 300 145
RDN18-1 88 395 197
RDN18-1 89 118 57
RDN18-1 90 180 89
RDN18-1 91 112 45
RDN18-1 92 1228 792
RDN18-1 93 239 122
RDN18-1 94 97 33
RDN18-1 95 118 69
RDN18-1 96 127 57
RDN18-1 97 1437 750
RDN18-1 98 169 71
RDN18-1 99 6270 2893
RDN18-1 100 2730 1993
RDN18-1 101 300 161
RDN18-1 102 25 22
RDN18-1 103 370 756
RDN18-1 104 894 2032
RDN18-1 105 1320 1010
RDN18-1 106 352 180
RDN18-1 107 291 92
RDN18-1 108 419 209
RDN18-1 109 570 255
RDN18-1 110 263 125
RDN18-1 111 1000 510
RDN18-1 112 2277 1196
RDN18-1 113 118 64
RDN18-1 114 725 338
RDN18-1 115 711 321
RDN18-1 116 1300 505
RDN18-1 117 1195 483
RDN18-1 118 1522 965
RDN18-1 119 1086 546
RDN18-1 120 1873 779
RDN18-1 121 282 136
RDN18-1 122 103 47
RDN18-1 123 1072 617
RDN18-1 124 712 741
RDN18-1 125 149 78
RDN18-1 126 407 233
RDN18-1 127 331 137
RDN18-1 128 433 210
RDN18-1 129 207 390
RDN18-1 130 275 273
RDN18-1 131 326 546
RDN18-1 132 1137 629
RDN18-1 133 564 390
RDN18-1 134 1214 692
RDN18-1 135 499 1044
RDN18-1 136 788 1387
RDN18-1 137 4253 2151
RDN18-1 138 475 622
RDN18-1 139 1789 1668
RDN18-1 140 378 211
RDN18-1 141 106 78
RDN18-1 142 431 196
RDN18-1 143 660 263
RDN18-1 144 2873 1433
RDN18-1 145 880 545
RDN18-1 146 711 331
RDN18-1 147 2263 1258
RDN18-1 148 788 404
RDN18-1 149 481 186
RDN18-1 150 415 136
RDN18-1 151 293 154
RDN18-1 152 76 31
RDN18-1 153 466 869
RDN18-1 154 425 568
RDN18-1 155 186 112
RDN18-1 156 1487 727
RDN18-1 157 1191 695
RDN18-1 158 1475 728
RDN18-1 159 1182 563
RDN18-1 160 626 407
RDN18-1 161 375 240
RDN18-1 162 131 45
RDN18-1 163 181 96
RDN18-1 164 313 156
RDN18-1 165 408 197
RDN18-1 166 718 279
RDN18-1 167 450 171
RDN18-1 168 1852 745
RDN18-1 169 1063 549
RDN18-1 170 3019 1475
RDN18-1 171 193 96
RDN18-1 172 1861 850
RDN18-1 173 347 151
RDN18-1 174 196 77
RDN18-1 175 247 376
RDN18-1 176 1198 2837
RDN18-1 177 1372 943
RDN18-1 178 122 149
RDN18-1 179 180 167
RDN18-1 180 716 1205
RDN18-1 181 2834 8736
RDN18-1 182 2575 1961
RDN18-1 183 384 161
RDN18-1 184 3745 1506
RDN18-1 185 290 179
RDN18-1 186 69 34
RDN18-1 187 1687 1542
RDN18-1 188 179 125
RDN18-1 189 218 78
RDN18-1 190 701 313
RDN18-1 191 1215 517
RDN18-1 192 1438 596
RDN18-1 193 319 176
RDN18-1 194 171 79
RDN18-1 195 356 507
RDN18-1 196 430 387
RDN18-1 197 617 527
RDN18-1 198 317 1168
RDN18-1 199 289 170
RDN18-1 200 135 107
RDN18-1 201 1225 1049
RDN18-1 202 288 184
RDN18-1 203 288 152
RDN18-1 204 644 524
RDN18-1 205 2523 1521
RDN18-1 206 768 445
RDN18-1 207 1503 799
RDN18-1 208 735 412
RDN18-1 209 1782 1067
RDN18-1 210 1125 723
RDN18-1 211 1508 798
RDN18-1 212 338 230
RDN18-1 213 113 125
RDN18-1 214 1408 1102
RDN18-1 215 703 4559
RDN18-1 216 88 98
RDN18-1 217 71 80
RDN18-1 218 46 41
RDN18-1 219 36 33
RDN18-1 220 487 300
RDN18-1 221 1665 1293
RDN18-1 222 2033 1454
RDN18-1 223 153 100
RDN18-1 224 373 219
RDN18-1 225 1158 675
RDN18-1 226 239 163
RDN18-1 227 237 108
RDN18-1 228 959 1238
RDN18-1 229 328 203
RDN18-1 230 418 229
RDN18-1 231 2245 1215
RDN18-1 232 116 72
RDN18-1 233 94 54
RDN18-1 234 60 70
RDN18-1 235 719 686
RDN18-1 236 173 182
RDN18-1 237 2072 2831
RDN18-1 238 397 504
RDN18-1 239 564 348
RDN18-1 240 1108 640
RDN18-1 241 314 199
RDN18-1 242 101 75
RDN18-1 243 1055 642
RDN18-1 244 217 223
RDN18-1 245 39 31
RDN18-1 246 773 530
RDN18-1 247 352 239
RDN18-1 248 1086 765
RDN18-1 249 101 72
RDN18-1 250 1501 936
RDN18-1 251 763 3190
RDN18-1 252 264 227
RDN18-1 253 785 571
RDN18-1 254 458 417
RDN18-1 255 501 322
RDN18-1 256 736 510
RDN18-1 257 270 143
RDN18-1 258 639 378
RDN18-1 259 569 404
RDN18-1 260 658 395
RDN18-1 261 1159 755
RDN18-1 262 74 42
RDN18-1 263 104 51
RDN18-1 264 214 107
RDN18-1 265 800 700
RDN18-1 266 1664 4297
RDN18-1 267 65 57
RDN18-1 268 229 120
RDN18-1 269 113 88
RDN18-1 270 913 664
RDN18-1 271 155 239
RDN18-1 272 56 28
RDN18-1 273 86 180
RDN18-1 274 79 93
RDN18-1 275 513 253
RDN18-1 276 475 302
RDN18-1 277 116 90
RDN18-1 278 265 184
RDN18-1 279 196 406
RDN18-1 280 244 321
RDN18-1 281 233 294
RDN18-1 282 99 48
RDN18-1 283 45 20
RDN18-1 284 308 193
RDN18-1 285 50 56
RDN18-1 286 83 160
RDN18-1 287 552 1552
RDN18-1 288 148 204
RDN18-1 289 11 18
RDN18-1 290 141 123
RDN18-1 291 286 203
RDN18-1 292 708 432
RDN18-1 293 57 35
RDN18-1 294 781 349
RDN18-1 295 565 323
RDN18-1 296 852 567
RDN18-1 297 87 37
RDN18-1 298 17 12
RDN18-1 299 238 88
RDN18-1 300 520 393
RDN18-1 301 689 324
RDN18-1 302 199 85
RDN18-1 303 374 203
RDN18-1 304 82 52
RDN18-1 305 33 17
RDN18-1 306 75 72
RDN18-1 307 86 167
RDN18-1 308 77 37
RDN18-1 309 69 32
RDN18-1 310 239 254
RDN18-1 311 600 542
RDN18-1 312 876 3411
RDN18-1 313 119 74
RDN18-1 314 331 154
RDN18-1 315 666 301
RDN18-1 316 284 141
RDN18-1 317 396 197
RDN18-1 318 458 245
RDN18-1 319 1528 768
RDN18-1 320 91 55
RDN18-1 321 44 28
RDN18-1 322 811 446
RDN18-1 323 283 140
RDN18-1 324 52 15
RDN18-1 325 228 97
RDN18-1 326 233 106
RDN18-1 327 121 64
RDN18-1 328 78 36
RDN18-1 329 21 16
RDN18-1 330 1013 508
RDN18-1 331 712 443
RDN18-1 332 321 166
RDN18-1 333 180 105
RDN18-1 334 86 46
RDN18-1 335 34 14
RDN18-1 336 113 48
RDN18-1 337 125 51
RDN18-1 338 130 57
RDN18-1 339 174 95
RDN18-1 340 694 463
RDN18-1 341 563 286
RDN18-1 342 90 44
RDN18-1 343 755 445
RDN18-1 344 218 111
RDN18-1 345 46 20
RDN18-1 346 288 240
RDN18-1 347 509 236
RDN18-1 348 224 137
RDN18-1 349 880 381
RDN18-1 350 325 131
RDN18-1 351 342 177
RDN18-1 352 1255 13912
RDN18-1 353 69 35
RDN18-1 354 45 38
RDN18-1 355 11 13
RDN18-1 356 82 53
RDN18-1 357 417 223
RDN18-1 358 172 120
RDN18-1 359 1157 2959
RDN18-1 360 50 44
RDN18-1 361 39 15
RDN18-1 362 27 20
RDN18-1 363 11 23
RDN18-1 364 33 33
RDN18-1 365 192 196
RDN18-1 366 765 610
RDN18-1 367 522 540
RDN18-1 368 355 255
RDN18-1 369 143 378
RDN18-1 370 14 18
RDN18-1 371 14 12
RDN18-1 372 137 142
RDN18-1 373 282 227
RDN18-1 374 578 471
RDN18-1 375 29 36
RDN18-1 376 18 23
RDN18-1 377 528 511
RDN18-1 378 160 101
RDN18-1 379 285 201
RDN18-1 380 269 157
RDN18-1 381 48 16
RDN18-1 382 64 52
RDN18-1 383 50 21
RDN18-1 384 227 156
RDN18-1 385 82 65
RDN18-1 386 222 185
RDN18-1 387 42 38
RDN18-1 388 20 22
RDN18-1 389 51 29
RDN18-1 390 61 35
RDN18-1 391 119 92
RDN18-1 392 158 133
RDN18-1 393 170 90
RDN18-1 394 340 274
RDN18-1 395 117 82
RDN18-1 396 130 104
RDN18-1 397 45 16
RDN18-1 398 140 102
RDN18-1 399 365 245
RDN18-1 400 4894 3225
RDN18-1 401 112 62
RDN18-1 402 85 45
RDN18-1 403 108 52
RDN18-1 404 221 107
RDN18-1 405 170 105
RDN18-1 406 748 378
RDN18-1 407 307 203
RDN18-1 408 102 33
RDN18-1 409 1302 722
RDN18-1 410 28 37
RDN18-1 411 830 435
RDN18-1 412 889 4175
RDN18-1 413 158 144
RDN18-1 414 56 108
RDN18-1 415 559 353
RDN18-1 416 305 644
RDN18-1 417 96 111
RDN18-1 418 127 89
RDN18-1 419 112 189
RDN18-1 420 140 218
RDN18-1 421 30 28
RDN18-1 422 89 131
RDN18-1 423 200 129
RDN18-1 424 119 74
RDN18-1 425 349 218
RDN18-1 426 157 76
RDN18-1 427 100 74
RDN18-1 428 24 14
RDN18-1 429 111 91
RDN18-1 430 29 34
RDN18-1 431 130 68
RDN18-1 432 59 36
RDN18-1 433 189 150
RDN18-1 434 57 57
RDN18-1 435 766 356
RDN18-1 436 275 915
RDN18-1 437 813 698
RDN18-1 438 343 200
RDN18-1 439 116 63
RDN18-1 440 514 266
RDN18-1 441 170 68
RDN18-1 442 165 65
RDN18-1 443 70 33
RDN18-1 444 88 32
RDN18-1 445 513 224
RDN18-1 446 745 379
RDN18-1 447 128 53
RDN18-1 448 231 83
RDN18-1 449 271 106
RDN18-1 450 180 72
RDN18-1 451 1139 2346
RDN18-1 452 599 695
RDN18-1 453 1237 535
RDN18-1 454 123 90
RDN18-1 455 479 789
RDN18-1 456 71 23
RDN18-1 457 56 22
RDN18-1 458 62 32
RDN18-1 459 139 69
RDN18-1 460 32 11
RDN18-1 461 130 69
RDN18-1 462 376 189
RDN18-1 463 133 69
RDN18-1 464 188 80
RDN18-1 465 236 99
RDN18-1 466 84 24
RDN18-1 467 1050 519
RDN18-1 468 145 76
RDN18-1 469 381 474
RDN18-1 470 968 544
RDN18-1 471 842 348
RDN18-1 472 151 60
RDN18-1 473 222 142
RDN18-1 474 787 461
RDN18-1 475 255 233
RDN18-1 476 295 205
RDN18-1 477 1784 940
RDN18-1 478 76 45
RDN18-1 479 42 32
RDN18-1 480 1276 906
RDN18-1 481 1260 655
RDN18-1 482 3118 1355
RDN18-1 483 204 157
RDN18-1 484 166 76
RDN18-1 485 22 13
RDN18-1 486 27 8
RDN18-1 487 56 73
RDN18-1 488 46 47
RDN18-1 489 104 45
RDN18-1 490 55 36
RDN18-1 491 840 1357
RDN18-1 492 445 505
RDN18-1 493 1490 797
RDN18-1 494 86 26
RDN18-1 495 39 27
RDN18-1 496 20 26
RDN18-1 497 101 274
RDN18-1 498 499 598
RDN18-1 499 551 283
RDN18-1 500 1448 593
RDN18-1 501 214 69
RDN18-1 502 222 119
RDN18-1 503 435 230
RDN18-1 504 314 178
RDN18-1 505 1972 2454
RDN18-1 506 1280 606
RDN18-1 507 235 80
RDN18-1 508 73 33
RDN18-1 509 58 74
RDN18-1 510 361 378
RDN18-1 511 1022 1219
RDN18-1 512 202 151
RDN18-1 513 108 72
RDN18-1 514 162 247
RDN18-1 515 229 2053
RDN18-1 516 302 268
RDN18-1 517 1913 1167
RDN18-1 518 174 127
RDN18-1 519 615 720
RDN18-1 520 898 543
RDN18-1 521 402 217
RDN18-1 522 261 120
RDN18-1 523 494 310
RDN18-1 524 116 58
RDN18-1 525 168 109
RDN18-1 526 756 483
RDN18-1 527 160 167
RDN18-1 528 774 481
RDN18-1 529 197 1846
RDN18-1 530 409 211
RDN18-1 531 635 321
RDN18-1 532 915 468
RDN18-1 533 861 637
RDN18-1 534 2388 34008
RDN18-1 535 255 199
RDN18-1 536 237 166
RDN18-1 537 229 128
RDN18-1 538 20 18
RDN18-1 539 67 123
RDN18-1 540 470 868
RDN18-1 541 1103 2957
RDN18-1 542 563 2516
RDN18-1 543 323 358
RDN18-1 544 546 3907
RDN18-1 545 1243 1300
RDN18-1 546 336 343
RDN18-1 547 131 193
RDN18-1 548 177 192
RDN18-1 549 113 162
RDN18-1 550 59 50
RDN18-1 551 58 55
RDN18-1 552 325 253
RDN18-1 553 82 106
RDN18-1 554 427 1355
RDN18-1 555 221 143
RDN18-1 556 257 141
RDN18-1 557 764 465
RDN18-1 558 373 239
RDN18-1 559 133 46
RDN18-1 560 63 37
RDN18-1 561 178 114
RDN18-1 562 88 59
RDN18-1 563 132 58
RDN18-1 564 180 164
RDN18-1 565 233 195
RDN18-1 566 135 88
RDN18-1 567 385 245
RDN18-1 568 131 99
RDN18-1 569 92 55
RDN18-1 570 278 178
RDN18-1 571 397 202
RDN18-1 572 105 40
RDN18-1 573 246 143
RDN18-1 574 67 57
RDN18-1 575 88 58
RDN18-1 576 359 275
RDN18-1 577 361 341
RDN18-1 578 132 127
RDN18-1 579 1036 2055
RDN18-1 580 601 347
RDN18-1 581 565 313
RDN18-1 582 216 108
RDN18-1 583 173 59
RDN18-1 584 91 35
RDN18-1 585 75 51
RDN18-1 586 136 53
RDN18-1 587 322 115
RDN18-1 588 192 94
RDN18-1 589 170 54
RDN18-1 590 167 55
RDN18-1 591 1069 521
RDN18-1 592 582 275
RDN18-1 593 135 91
RDN18-1 594 249 147
RDN18-1 595 94 51
RDN18-1 596 207 110
RDN18-1 597 300 233
RDN18-1 598 906 530
RDN18-1 599 640 384
RDN18-1 600 1943 1156
RDN18-1 601 1260 717
RDN18-1 602 223 173
RDN18-1 603 37 30
RDN18-1 604 669 388
RDN18-1 605 143 188
RDN18-1 606 289 216
RDN18-1 607 826 483
RDN18-1 608 48 31
RDN18-1 609 170 143
RDN18-1 610 605 368
RDN18-1 611 48 47
RDN18-1 612 125 81
RDN18-1 613 59 34
RDN18-1 614 76 46
RDN18-1 615 180 197
RDN18-1 616 258 214
RDN18-1 617 368 220
RDN18-1 618 73 45
RDN18-1 619 36 20
RDN18-1 620 28 19
RDN18-1 621 262 127
RDN18-1 622 34 36
RDN18-1 623 82 44
RDN18-1 624 49 41
RDN18-1 625 925 523
RDN18-1 626 22 25
RDN18-1 627 123 72
RDN18-1 628 303 246
RDN18-1 629 114 45
RDN18-1 630 182 103
RDN18-1 631 332 238
RDN18-1 632 187 84
RDN18-1 633 28 29
RDN18-1 634 99 134
RDN18-1 635 421 464
RDN18-1 636 255 681
RDN18-1 637 534 286
RDN18-1 638 181 85
RDN18-1 639 32 21
RDN18-1 640 4 0
RDN18-1 641 9 7
RDN18-1 642 22 82
RDN18-1 643 15 26
RDN18-1 644 30 18
RDN18-1 645 7 13
RDN18-1 646 18 24
RDN18-1 647 228 377
RDN18-1 648 127 70
RDN18-1 649 65 37
RDN18-1 650 22 10
RDN18-1 651 31 66
RDN18-1 652 81 103
RDN18-1 653 7 10
RDN18-1 654 20 24
RDN18-1 655 65 92
RDN18-1 656 275 255
RDN18-1 657 112 89
RDN18-1 658 27 19
RDN18-1 659 43 44
RDN18-1 660 1057 918
RDN18-1 661 584 263
RDN18-1 662 800 376
RDN18-1 663 669 319
RDN18-1 664 396 194
RDN18-1 665 592 279
RDN18-1 666 1168 517
RDN18-1 667 87 40
RDN18-1 668 180 97
RDN18-1 669 103 123
RDN18-1 670 164 121
RDN18-1 671 218 407
RDN18-1 672 586 450
RDN18-1 673 213 173
RDN18-1 674 113 80
RDN18-1 675 34 40
RDN18-1 676 37 37
RDN18-1 677 775 707
RDN18-1 678 466 341
RDN18-1 679 663 261
RDN18-1 680 782 402
RDN18-1 681 396 177
RDN18-1 682 53 44
RDN18-1 683 286 140
RDN18-1 684 1588 935
RDN18-1 685 46 41
RDN18-1 686 29 20
RDN18-1 687 21 11
RDN18-1 688 15 7
RDN18-1 689 65 41
RDN18-1 690 86 90
RDN18-1 691 430 203
RDN18-1 692 407 398
RDN18-1 693 370 182
RDN18-1 694 560 259
RDN18-1 695 57 89
RDN18-1 696 117 500
RDN18-1 697 656 1163
RDN18-1 698 776 345
RDN18-1 699 129 42
RDN18-1 700 108 66
RDN18-1 701 63 24
RDN18-1 702 85 42
RDN18-1 703 81 72
RDN18-1 704 229 104
RDN18-1 705 163 90
RDN18-1 706 669 2490
RDN18-1 707 247 349
RDN18-1 708 442 186
RDN18-1 709 375 133
RDN18-1 710 109 65
RDN18-1 711 67 29
RDN18-1 712 68 36
RDN18-1 713 255 156
RDN18-1 714 888 1415
RDN18-1 715 103 54
RDN18-1 716 231 100
RDN18-1 717 1081 496
RDN18-1 718 210 105
RDN18-1 719 261 129
RDN18-1 720 141 102
RDN18-1 721 88 30
RDN18-1 722 122 156
RDN18-1 723 219 104
RDN18-1 724 916 390
RDN18-1 725 493 186
RDN18-1 726 442 224
RDN18-1 727 158 67
RDN18-1 728 96 48
RDN18-1 729 226 285
RDN18-1 730 72 37
RDN18-1 731 30 29
RDN18-1 732 284 139
RDN18-1 733 801 1677
RDN18-1 734 479 1604
RDN18-1 735 125 44
RDN18-1 736 122 56
RDN18-1 737 42 42
RDN18-1 738 44 50
RDN18-1 739 608 708
RDN18-1 740 372 2810
RDN18-1 741 913 978
RDN18-1 742 349 133
RDN18-1 743 189 86
RDN18-1 744 507 176
RDN18-1 745 829 396
RDN18-1 746 384 176
RDN18-1 747 1101 412
RDN18-1 748 699 274
RDN18-1 749 74 31
RDN18-1 750 17 7
RDN18-1 751 42 27
RDN18-1 752 36 24
RDN18-1 753 16 15
RDN18-1 754 43 39
RDN18-1 755 440 245
RDN18-1 756 1472 3409
RDN18-1 757 1284 596
RDN18-1 758 467 222
RDN18-1 759 517 194
RDN18-1 760 97 35
RDN18-1 761 136 62
RDN18-1 762 372 232
RDN18-1 763 83 42
RDN18-1 764 174 143
RDN18-1 765 671 442
RDN18-1 766 2791 1062
RDN18-1 767 187 68
RDN18-1 768 42 19
RDN18-1 769 803 365
RDN18-1 770 181 82
RDN18-1 771 395 944
RDN18-1 772 144 69
RDN18-1 773 187 58
RDN18-1 774 37 32
RDN18-1 775 247 125
RDN18-1 776 82 27
RDN18-1 777 486 190
RDN18-1 778 509 211
RDN18-1 779 1318 659
RDN18-1 780 1110 2031
RDN18-1 781 316 151
RDN18-1 782 211 96
RDN18-1 783 318 130
RDN18-1 784 1666 684
RDN18-1 785 121 61
RDN18-1 786 509 347
RDN18-1 787 519 702
RDN18-1 788 2120 1678
RDN18-1 789 112 1448
RDN18-1 790 2594 1360
RDN18-1 791 1699 1045
RDN18-1 792 1751 874
RDN18-1 793 1010 490
RDN18-1 794 1497 647
RDN18-1 795 379 245
RDN18-1 796 963 550
RDN18-1 797 223 106
RDN18-1 798 3086 1606
RDN18-1 799 601 258
RDN18-1 800 84 43
RDN18-1 801 217 106
RDN18-1 802 118 114
RDN18-1 803 1458 3175
RDN18-1 804 1395 797
RDN18-1 805 374 268
RDN18-1 806 2591 1793
RDN18-1 807 1233 1382
RDN18-1 808 569 406
RDN18-1 809 338 634
RDN18-1 810 600 391
RDN18-1 811 1950 3128
RDN18-1 812 605 7295
RDN18-1 813 239 259
RDN18-1 814 81 100
RDN18-1 815 70 81
RDN18-1 816 2036 3460
RDN18-1 817 149 89
RDN18-1 818 718 689
RDN18-1 819 1409 937
RDN18-1 820 797 590
RDN18-1 821 449 307
RDN18-1 822 97 69
RDN18-1 823 474 759
RDN18-1 824 615 402
RDN18-1 825 1109 547
RDN18-1 826 320 132
RDN18-1 827 1181 494
RDN18-1 828 2477 1265
RDN18-1 829 1594 704
RDN18-1 830 1272 599
RDN18-1 831 2313 1219
RDN18-1 832 394 256
RDN18-1 833 720 469
RDN18-1 834 748 451
RDN18-1 835 319 159
RDN18-1 836 86 51
RDN18-1 837 294 185
RDN18-1 838 415 265
RDN18-1 839 875 504
RDN18-1 840 1073 569
RDN18-1 841 489 245
RDN18-1 842 675 406
RDN18-1 843 300 139
RDN18-1 844 147 69
RDN18-1 845 38 27
RDN18-1 846 864 696
RDN18-1 847 703 445
RDN18-1 848 97 61
RDN18-1 849 1590 703
RDN18-1 850 3638 2474
RDN18-1 851 209 112
RDN18-1 852 821 1333
RDN18-1 853 1148 1759
RDN18-1 854 500 263
RDN18-1 855 2056 1718
RDN18-1 856 718 435
RDN18-1 857 279 318
RDN18-1 858 2140 2662
RDN18-1 859 1789 3668
RDN18-1 860 1903 1014
RDN18-1 861 1381 800
RDN18-1 862 4778 2691
RDN18-1 863 1750 1337
RDN18-1 864 490 326
RDN18-1 865 103 53
RDN18-1 866 272 90
RDN18-1 867 37 24
RDN18-1 868 2279 1523
RDN18-1 869 79 39
RDN18-1 870 47 27
RDN18-1 871 285 164
RDN18-1 872 1693 1204
RDN18-1 873 116 70
RDN18-1 874 29 39
RDN18-1 875 9 36
RDN18-1 876 74 43
RDN18-1 877 46 38
RDN18-1 878 168 162
RDN18-1 879 111 109
RDN18-1 880 652 353
RDN18-1 881 1446 1441
RDN18-1 882 100 68
RDN18-1 883 190 139
RDN18-1 884 255 277
RDN18-1 885 353 452
RDN18-1 886 1305 819
RDN18-1 887 518 307
RDN18-1 888 1266 808
RDN18-1 889 162 89
RDN18-1 890 191 116
RDN18-1 891 1100 974
RDN18-1 892 725 559
RDN18-1 893 208 124
RDN18-1 894 227 144
RDN18-1 895 1708 1545
RDN18-1 896 161 78
RDN18-1 897 236 115
RDN18-1 898 122 81
RDN18-1 899 117 78
RDN18-1 900 51 61
RDN18-1 901 196 146
RDN18-1 902 14 17
RDN18-1 903 19 46
RDN18-1 904 64 36
RDN18-1 905 126 58
RDN18-1 906 772 445
RDN18-1 907 930 536
RDN18-1 908 1264 628
RDN18-1 909 391 235
RDN18-1 910 1373 804
RDN18-1 911 262 189
RDN18-1 912 48 38
RDN18-1 913 57 74
RDN18-1 914 1877 1120
RDN18-1 915 857 447
RDN18-1 916 1052 537
RDN18-1 917 627 374
RDN18-1 918 1891 1209
RDN18-1 919 1676 1133
RDN18-1 920 384 183
RDN18-1 921 152 94
RDN18-1 922 247 179
RDN18-1 923 150 150
RDN18-1 924 126 64
RDN18-1 925 871 638
RDN18-1 926 170 120
RDN18-1 927 430 224
RDN18-1 928 308 234
RDN18-1 929 742 2789
RDN18-1 930 261 119
RDN18-1 931 179 122
RDN18-1 932 687 536
RDN18-1 933 181 350
RDN18-1 934 210 302
RDN18-1 935 230 163
RDN18-1 936 66 49
RDN18-1 937 26 13
RDN18-1 938 51 29
RDN18-1 939 605 359
RDN18-1 940 144 75
RDN18-1 941 229 165
RDN18-1 942 122 87
RDN18-1 943 1188 908
RDN18-1 944 537 311
RDN18-1 945 321 183
RDN18-1 946 117 93
RDN18-1 947 221 136
RDN18-1 948 406 296
RDN18-1 949 87 60
RDN18-1 950 584 274
RDN18-1 951 165 113
RDN18-1 952 51 23
RDN18-1 953 21 11
RDN18-1 954 678 462
RDN18-1 955 39 26
RDN18-1 956 187 116
RDN18-1 957 637 323
RDN18-1 958 584 355
RDN18-1 959 215 98
RDN18-1 960 1563 647
RDN18-1 961 191 85
RDN18-1 962 2319 941
RDN18-1 963 923 357
RDN18-1 964 392 164
RDN18-1 965 291 178
RDN18-1 966 1383 1488
RDN18-1 967 755 427
RDN18-1 968 329 153
RDN18-1 969 470 261
RDN18-1 970 187 859
RDN18-1 971 93 153
RDN18-1 972 331 169
RDN18-1 973 5980 3610
RDN18-1 974 75 60
RDN18-1 975 31 14
RDN18-1 976 22 10
RDN18-1 977 288 221
RDN18-1 978 154 115
RDN18-1 979 400 224
RDN18-1 980 719 453
RDN18-1 981 406 230
RDN18-1 982 333 220
RDN18-1 983 152 99
RDN18-1 984 15 9
RDN18-1 985 38 35
RDN18-1 986 48 31
RDN18-1 987 680 511
RDN18-1 988 1665 1879
RDN18-1 989 102 42
RDN18-1 990 65 82
RDN18-1 991 402 279
RDN18-1 992 293 386
RDN18-1 993 139 996
RDN18-1 994 828 629
RDN18-1 995 110 119
RDN18-1 996 74 43
RDN18-1 997 686 542
RDN18-1 998 1088 1367
RDN18-1 999 400 278
RDN18-1 1000 119 96
RDN18-1 1001 48 90
RDN18-1 1002 332 292
RDN18-1 1003 209 336
RDN18-1 1004 1008 655
RDN18-1 1005 249 525
RDN18-1 1006 45 16
RDN18-1 1007 269 135
RDN18-1 1008 982 827
RDN18-1 1009 69 18
RDN18-1 1010 284 148
RDN18-1 1011 276 186
RDN18-1 1012 66 47
RDN18-1 1013 144 83
RDN18-1 1014 535 357
RDN18-1 1015 187 130
RDN18-1 1016 340 192
RDN18-1 1017 303 199
RDN18-1 1018 217 142
RDN18-1 1019 456 354
RDN18-1 1020 265 411
RDN18-1 1021 89 75
RDN18-1 1022 953 546
RDN18-1 1023 421 261
RDN18-1 1024 43 16
RDN18-1 1025 208 119
RDN18-1 1026 669 356
RDN18-1 1027 101 45
RDN18-1 1028 163 75
RDN18-1 1029 529 286
RDN18-1 1030 130 277
RDN18-1 1031 132 61
RDN18-1 1032 98 100
RDN18-1 1033 16 18
RDN18-1 1034 35 21
RDN18-1 1035 273 226
RDN18-1 1036 278 151
RDN18-1 1037 365 198
RDN18-1 1038 205 112
RDN18-1 1039 27 9
RDN18-1 1040 11 14
RDN18-1 1041 20 44
RDN18-1 1042 385 399
RDN18-1 1043 850 796
RDN18-1 1044 70 18
RDN18-1 1045 16 17
RDN18-1 1046 28 11
RDN18-1 1047 157 88
RDN18-1 1048 89 52
RDN18-1 1049 40 22
RDN18-1 1050 100 53
RDN18-1 1051 114 78
RDN18-1 1052 242 201
RDN18-1 1053 420 218
RDN18-1 1054 356 160
RDN18-1 1055 515 267
RDN18-1 1056 604 341
RDN18-1 1057 674 495
RDN18-1 1058 850 638
RDN18-1 1059 556 298
RDN18-1 1060 659 553
RDN18-1 1061 837 2674
RDN18-1 1062 132 364
RDN18-1 1063 92 54
RDN18-1 1064 776 387
RDN18-1 1065 219 127
RDN18-1 1066 546 146
RDN18-1 1067 97 24
RDN18-1 1068 961 410
RDN18-1 1069 213 91
RDN18-1 1070 794 435
RDN18-1 1071 63 40
RDN18-1 1072 57 23
RDN18-1 1073 226 99
RDN18-1 1074 67 27
RDN18-1 1075 700 267
RDN18-1 1076 148 55
RDN18-1 1077 119 50
RDN18-1 1078 495 208
RDN18-1 1079 719 232
RDN18-1 1080 1459 707
RDN18-1 1081 100 94
RDN18-1 1082 93 24
RDN18-1 1083 126 74
RDN18-1 1084 37 11
RDN18-1 1085 27 12
RDN18-1 1086 187 91
RDN18-1 1087 833 308
RDN18-1 1088 1421 634
RDN18-1 1089 158 46
RDN18-1 1090 17 9
RDN18-1 1091 326 703
RDN18-1 1092 117 49
RDN18-1 1093 154 74
RDN18-1 1094 578 234
RDN18-1 1095 306 130
RDN18-1 1096 662 244
RDN18-1 1097 697 225
RDN18-1 1098 160 41
RDN18-1 1099 26 4
RDN18-1 1100 11 8
RDN18-1 1101 145 48
RDN18-1 1102 599 171
RDN18-1 1103 936 294
RDN18-1 1104 447 138
RDN18-1 1105 224 61
RDN18-1 1106 32 7
RDN18-1 1107 21 15
RDN18-1 1108 35 9
RDN18-1 1109 30 5
RDN18-1 1110 22 10
RDN18-1 1111 45 20
RDN18-1 1112 152 98
RDN18-1 1113 241 111
RDN18-1 1114 125 103
RDN18-1 1115 502 255
RDN18-1 1116 189 972
RDN18-1 1117 40 25
RDN18-1 1118 51 25
RDN18-1 1119 379 183
RDN18-1 1120 34 15
RDN18-1 1121 143 39
RDN18-1 1122 82 43
RDN18-1 1123 142 41
RDN18-1 1124 93 20
RDN18-1 1125 57 13
RDN18-1 1126 85 86
RDN18-1 1127 100 24
RDN18-1 1128 9 2
RDN18-1 1129 3 5
RDN18-1 1130 13 22
RDN18-1 1131 147 68
RDN18-1 1132 266 248
RDN18-1 1133 40 25
RDN18-1 1134 374 177
RDN18-1 1135 312 149
RDN18-1 1136 34 30
RDN18-1 1137 204 108
RDN18-1 1138 95 251
RDN18-1 1139 38 1120
RDN18-1 1140 14 31
RDN18-1 1141 23 37
RDN18-1 1142 248 158
RDN18-1 1143 177 196
RDN18-1 1144 67 29
RDN18-1 1145 11 12
RDN18-1 1146 419 263
RDN18-1 1147 7 22
RDN18-1 1148 9 3
RDN18-1 1149 2 5
RDN18-1 1150 35 37
RDN18-1 1151 20 12
RDN18-1 1152 0 0
RDN18-1 1153 0 1
RDN18-1 1154 3 2
RDN18-1 1155 3 3
RDN18-1 1156 38 18
RDN18-1 1157 9 10
RDN18-1 1158 0 0
RDN18-1 1159 71 35
RDN18-1 1160 29 6
RDN18-1 1161 9 4
RDN18-1 1162 12 4
RDN18-1 1163 0 0
RDN18-1 1164 0 2
RDN18-1 1165 3 14
RDN18-1 1166 14 5
RDN18-1 1167 0 3
RDN18-1 1168 0 0
RDN18-1 1169 0 1
RDN18-1 1170 0 0
RDN18-1 1171 2 0
RDN18-1 1172 7 2
RDN18-1 1173 11 1
RDN18-1 1174 14 6
RDN18-1 1175 13 2
RDN18-1 1176 0 0
RDN18-1 1177 6 0
RDN18-1 1178 18 2
RDN18-1 1179 11 2
RDN18-1 1180 21 16
RDN18-1 1181 65 25
RDN18-1 1182 31 12
RDN18-1 1183 59 32
RDN18-1 1184 63 26
RDN18-1 1185 55 24
RDN18-1 1186 14 6
RDN18-1 1187 18 6
RDN18-1 1188 118 26
RDN18-1 1189 173 70
RDN18-1 1190 4140 1680
RDN18-1 1191 71952 28814
RDN18-1 1192 1358 485
RDN18-1 1193 2316 6803
RDN18-1 1194 102 113
RDN18-1 1195 4779 2057
RDN18-1 1196 85 43
RDN18-1 1197 68 34
RDN18-1 1198 78 30
RDN18-1 1199 9 19
RDN18-1 1200 7 12
RDN18-1 1201 32 26
RDN18-1 1202 385 202
RDN18-1 1203 780 634
RDN18-1 1204 66 39
RDN18-1 1205 699 352
RDN18-1 1206 77 50
RDN18-1 1207 1047 531
RDN18-1 1208 359 290
RDN18-1 1209 96 48
RDN18-1 1210 93 54
RDN18-1 1211 35 19
RDN18-1 1212 116 73
RDN18-1 1213 460 310
RDN18-1 1214 289 117
RDN18-1 1215 100 52
RDN18-1 1216 122 52
RDN18-1 1217 57 250
RDN18-1 1218 1626 1251
RDN18-1 1219 126 884
RDN18-1 1220 2498 1045
RDN18-1 1221 241 143
RDN18-1 1222 682 217
RDN18-1 1223 2036 1161
RDN18-1 1224 667 421
RDN18-1 1225 653 324
RDN18-1 1226 184 1284
RDN18-1 1227 89 405
RDN18-1 1228 68 43
RDN18-1 1229 1272 608
RDN18-1 1230 577 270
RDN18-1 1231 301 125
RDN18-1 1232 63 41
RDN18-1 1233 1923 1100
RDN18-1 1234 108 92
RDN18-1 1235 260 302
RDN18-1 1236 64 61
RDN18-1 1237 1195 833
RDN18-1 1238 1061 878
RDN18-1 1239 438 283
RDN18-1 1240 118 57
RDN18-1 1241 176 98
RDN18-1 1242 94 65
RDN18-1 1243 70 105
RDN18-1 1244 85 84
RDN18-1 1245 89 1062
RDN18-1 1246 701 28156
RDN18-1 1247 157 226
RDN18-1 1248 613 282
RDN18-1 1249 899 620
RDN18-1 1250 719 462
RDN18-1 1251 882 452
RDN18-1 1252 603 293
RDN18-1 1253 71 59
RDN18-1 1254 64 46
RDN18-1 1255 1326 765
RDN18-1 1256 523 284
RDN18-1 1257 573 365
RDN18-1 1258 757 529
RDN18-1 1259 339 253
RDN18-1 1260 292 173
RDN18-1 1261 480 489
RDN18-1 1262 68 35
RDN18-1 1263 48 99
RDN18-1 1264 121 556
RDN18-1 1265 169 710
RDN18-1 1266 54 38
RDN18-1 1267 335 244
RDN18-1 1268 167 108
RDN18-1 1269 31 23
RDN18-1 1270 142 80
RDN18-1 1271 264 225
RDN18-1 1272 363 228
RDN18-1 1273 116 96
RDN18-1 1274 898 776
RDN18-1 1275 289 149
RDN18-1 1276 46 18
RDN18-1 1277 180 121
RDN18-1 1278 374 224
RDN18-1 1279 22 6
RDN18-1 1280 169 230
RDN18-1 1281 885 739
RDN18-1 1282 941 541
RDN18-1 1283 338 221
RDN18-1 1284 287 227
RDN18-1 1285 1120 809
RDN18-1 1286 168 175
RDN18-1 1287 325 239
RDN18-1 1288 840 546
RDN18-1 1289 109 84
RDN18-1 1290 137 89
RDN18-1 1291 368 264
RDN18-1 1292 138 105
RDN18-1 1293 63 44
RDN18-1 1294 150 107
RDN18-1 1295 182 147
RDN18-1 1296 204 186
RDN18-1 1297 307 232
RDN18-1 1298 85 58
RDN18-1 1299 1402 819
RDN18-1 1300 1171 595
RDN18-1 1301 391 242
RDN18-1 1302 293 173
RDN18-1 1303 235 134
RDN18-1 1304 497 289
RDN18-1 1305 210 88
RDN18-1 1306 281 147
RDN18-1 1307 292 176
RDN18-1 1308 285 191
RDN18-1 1309 1021 622
RDN18-1 1310 1175 689
RDN18-1 1311 185 107
RDN18-1 1312 1389 839
RDN18-1 1313 1317 810
RDN18-1 1314 495 263
RDN18-1 1315 413 315
RDN18-1 1316 215 166
RDN18-1 1317 44 61
RDN18-1 1318 1074 1410
RDN18-1 1319 547 2277
RDN18-1 1320 574 481
RDN18-1 1321 1944 1310
RDN18-1 1322 63 52
RDN18-1 1323 74 79
RDN18-1 1324 357 322
RDN18-1 1325 1713 4463
RDN18-1 1326 139 112
RDN18-1 1327 43 39
RDN18-1 1328 114 62
RDN18-1 1329 67 69
RDN18-1 1330 797 389
RDN18-1 1331 84 91
RDN18-1 1332 210 186
RDN18-1 1333 559 358
RDN18-1 1334 242 122
RDN18-1 1335 414 237
RDN18-1 1336 1086 690
RDN18-1 1337 180 159
RDN18-1 1338 108 70
RDN18-1 1339 338 176
RDN18-1 1340 837 562
RDN18-1 1341 270 182
RDN18-1 1342 705 522
RDN18-1 1343 103 63
RDN18-1 1344 211 104
RDN18-1 1345 1410 932
RDN18-1 1346 666 1741
RDN18-1 1347 252 137
RDN18-1 1348 340 241
RDN18-1 1349 80 87
RDN18-1 1350 32 15
RDN18-1 1351 117 77
RDN18-1 1352 288 237
RDN18-1 1353 157 88
RDN18-1 1354 110 77
RDN18-1 1355 612 402
RDN18-1 1356 184 130
RDN18-1 1357 311 202
RDN18-1 1358 106 87
RDN18-1 1359 1043 1022
RDN18-1 1360 516 885
RDN18-1 1361 1219 865
RDN18-1 1362 397 239
RDN18-1 1363 278 187
RDN18-1 1364 144 131
RDN18-1 1365 77 84
RDN18-1 1366 35 29
RDN18-1 1367 148 310
RDN18-1 1368 330 319
RDN18-1 1369 250 174
RDN18-1 1370 933 676
RDN18-1 1371 470 1314
RDN18-1 1372 282 168
RDN18-1 1373 58 39
RDN18-1 1374 469 274
RDN18-1 1375 104 107
RDN18-1 1376 518 425
RDN18-1 1377 650 490
RDN18-1 1378 160 96
RDN18-1 1379 1117 804
RDN18-1 1380 622 504
RDN18-1 1381 284 255
RDN18-1 1382 162 214
RDN18-1 1383 133 375
RDN18-1 1384 14 38
RDN18-1 1385 45 53
RDN18-1 1386 52 46
RDN18-1 1387 681 516
RDN18-1 1388 252 246
RDN18-1 1389 239 158
RDN18-1 1390 943 579
RDN18-1 1391 1277 1461
RDN18-1 1392 63 33
RDN18-1 1393 36 27
RDN18-1 1394 107 183
RDN18-1 1395 597 545
RDN18-1 1396 608 490
RDN18-1 1397 984 576
RDN18-1 1398 247 194
RDN18-1 1399 603 426
RDN18-1 1400 141 189
RDN18-1 1401 214 175
RDN18-1 1402 455 448
RDN18-1 1403 138 69
RDN18-1 1404 45 34
RDN18-1 1405 859 847
RDN18-1 1406 403 361
RDN18-1 1407 63 29
RDN18-1 1408 48 62
RDN18-1 1409 369 360
RDN18-1 1410 140 106
RDN18-1 1411 184 124
RDN18-1 1412 1239 760
RDN18-1 1413 929 468
RDN18-1 1414 361 197
RDN18-1 1415 56 43
RDN18-1 1416 168 135
RDN18-1 1417 44 32
RDN18-1 1418 111 195
RDN18-1 1419 183 313
RDN18-1 1420 208 141
RDN18-1 1421 787 2323
RDN18-1 1422 1083 902
RDN18-1 1423 497 374
RDN18-1 1424 2334 1711
RDN18-1 1425 215 189
RDN18-1 1426 312 195
RDN18-1 1427 60 99
RDN18-1 1428 124 228
RDN18-1 1429 1289 778
RDN18-1 1430 247 166
RDN18-1 1431 448 255
RDN18-1 1432 674 325
RDN18-1 1433 178 96
RDN18-1 1434 119 57
RDN18-1 1435 803 519
RDN18-1 1436 121 78
RDN18-1 1437 197 79
RDN18-1 1438 200 137
RDN18-1 1439 138 107
RDN18-1 1440 321 226
RDN18-1 1441 839 522
RDN18-1 1442 705 486
RDN18-1 1443 329 233
RDN18-1 1444 154 130
RDN18-1 1445 1786 1474
RDN18-1 1446 75 43
RDN18-1 1447 261 300
RDN18-1 1448 766 599
RDN18-1 1449 1032 630
RDN18-1 1450 659 364
RDN18-1 1451 186 90
RDN18-1 1452 64 40
RDN18-1 1453 37 18
RDN18-1 1454 64 23
RDN18-1 1455 188 92
RDN18-1 1456 40 32
RDN18-1 1457 210 113
RDN18-1 1458 57 45
RDN18-1 1459 1403 862
RDN18-1 1460 35 120
RDN18-1 1461 170 132
RDN18-1 1462 17 27
RDN18-1 1463 206 118
RDN18-1 1464 21 21
RDN18-1 1465 97 51
RDN18-1 1466 64 46
RDN18-1 1467 193 103
RDN18-1 1468 1946 1307
RDN18-1 1469 130 77
RDN18-1 1470 646 422
RDN18-1 1471 144 192
RDN18-1 1472 101 174
RDN18-1 1473 80 81
RDN18-1 1474 1629 2069
RDN18-1 1475 25 21
RDN18-1 1476 32 12
RDN18-1 1477 58 33
RDN18-1 1478 101 45
RDN18-1 1479 66 67
RDN18-1 1480 170 106
RDN18-1 1481 67 44
RDN18-1 1482 142 59
RDN18-1 1483 256 136
RDN18-1 1484 29 23
RDN18-1 1485 31 10
RDN18-1 1486 26 29
RDN18-1 1487 152 121
RDN18-1 1488 492 2717
RDN18-1 1489 61 242
RDN18-1 1490 295 1099
RDN18-1 1491 180 173
RDN18-1 1492 1539 3037
RDN18-1 1493 196 601
RDN18-1 1494 324 171
RDN18-1 1495 203 104
RDN18-1 1496 134 108
RDN18-1 1497 40 28
RDN18-1 1498 117 69
RDN18-1 1499 109 103
RDN18-1 1500 74 47
RDN18-1 1501 65 50
RDN18-1 1502 232 251
RDN18-1 1503 110 503
RDN18-1 1504 143 91
RDN18-1 1505 27 22
RDN18-1 1506 122 175
RDN18-1 1507 397 570
RDN18-1 1508 146 98
RDN18-1 1509 869 629
RDN18-1 1510 272 161
RDN18-1 1511 75 26
RDN18-1 1512 241 242
RDN18-1 1513 262 198
RDN18-1 1514 256 164
RDN18-1 1515 960 667
RDN18-1 1516 744 579
RDN18-1 1517 345 251
RDN18-1 1518 466 301
RDN18-1 1519 238 255
RDN18-1 1520 289 831
RDN18-1 1521 44 199
RDN18-1 1522 28 20
RDN18-1 1523 33 12
RDN18-1 1524 271 224
RDN18-1 1525 806 469
RDN18-1 1526 98 58
RDN18-1 1527 278 142
RDN18-1 1528 109 45
RDN18-1 1529 30 15
RDN18-1 1530 177 130
RDN18-1 1531 1004 687
RDN18-1 1532 73 45
RDN18-1 1533 150 76
RDN18-1 1534 163 110
RDN18-1 1535 147 119
RDN18-1 1536 350 267
RDN18-1 1537 143 71
RDN18-1 1538 20 26
RDN18-1 1539 17 10
RDN18-1 1540 41 34
RDN18-1 1541 79 30
RDN18-1 1542 690 488
RDN18-1 1543 325 578
RDN18-1 1544 147 129
RDN18-1 1545 92 45
RDN18-1 1546 116 94
RDN18-1 1547 316 205
RDN18-1 1548 73 59
RDN18-1 1549 810 471
RDN18-1 1550 674 445
RDN18-1 1551 206 142
RDN18-1 1552 203 103
RDN18-1 1553 640 333
RDN18-1 1554 410 306
RDN18-1 1555 1009 755
RDN18-1 1556 1295 1986
RDN18-1 1557 328 209
RDN18-1 1558 1036 579
RDN18-1 1559 604 279
RDN18-1 1560 133 80
RDN18-1 1561 140 63
RDN18-1 1562 67 54
RDN18-1 1563 354 239
RDN18-1 1564 291 164
RDN18-1 1565 347 236
RDN18-1 1566 1058 613
RDN18-1 1567 123 80
RDN18-1 1568 749 853
RDN18-1 1569 1370 856
RDN18-1 1570 74 72
RDN18-1 1571 83 95
RDN18-1 1572 87 139
RDN18-1 1573 65 46
RDN18-1 1574 1345 1009
RDN18-1 1575 106 126
RDN18-1 1576 640 525
RDN18-1 1577 660 476
RDN18-1 1578 1097 698
RDN18-1 1579 250 165
RDN18-1 1580 222 120
RDN18-1 1581 584 429
RDN18-1 1582 501 299
RDN18-1 1583 313 147
RDN18-1 1584 1093 648
RDN18-1 1585 1001 511
RDN18-1 1586 220 115
RDN18-1 1587 291 143
RDN18-1 1588 125 100
RDN18-1 1589 519 250
RDN18-1 1590 158 140
RDN18-1 1591 402 220
RDN18-1 1592 196 143
RDN18-1 1593 241 330
RDN18-1 1594 1023 563
RDN18-1 1595 217 153
RDN18-1 1596 2445 1299
RDN18-1 1597 1203 686
RDN18-1 1598 339 211
RDN18-1 1599 483 224
RDN18-1 1600 225 111
RDN18-1 1601 351 218
RDN18-1 1602 933 447
RDN18-1 1603 356 175
RDN18-1 1604 396 207
RDN18-1 1605 119 69
RDN18-1 1606 564 296
RDN18-1 1607 1105 652
RDN18-1 1608 565 238
RDN18-1 1609 164 63
RDN18-1 1610 1875 1115
RDN18-1 1611 903 427
RDN18-1 1612 864 460
RDN18-1 1613 3609 2119
RDN18-1 1614 101 45
RDN18-1 1615 258 116
RDN18-1 1616 941 530
RDN18-1 1617 149 70
RDN18-1 1618 101 59
RDN18-1 1619 225 112
RDN18-1 1620 193 115
RDN18-1 1621 201 114
RDN18-1 1622 317 128
RDN18-1 1623 160 95
RDN18-1 1624 230 90
RDN18-1 1625 762 367
RDN18-1 1626 775 372
RDN18-1 1627 254 103
RDN18-1 1628 244 105
RDN18-1 1629 410 326
RDN18-1 1630 2131 1398
RDN18-1 1631 130 139
RDN18-1 1632 3200 1610
RDN18-1 1633 165 208
RDN18-1 1634 796 967
RDN18-1 1635 248 222
RDN18-1 1636 35 15
RDN18-1 1637 98 118
RDN18-1 1638 135 221
RDN18-1 1639 289 421
RDN18-1 1640 65 27
RDN18-1 1641 99 41
RDN18-1 1642 1321 957
RDN18-1 1643 81 61
RDN18-1 1644 167 80
RDN18-1 1645 145 85
RDN18-1 1646 458 496
RDN18-1 1647 176 85
RDN18-1 1648 182 159
RDN18-1 1649 182 204
RDN18-1 1650 500 254
RDN18-1 1651 255 425
RDN18-1 1652 61 32
RDN18-1 1653 37 28
RDN18-1 1654 768 417
RDN18-1 1655 766 624
RDN18-1 1656 381 165
RDN18-1 1657 113 42
RDN18-1 1658 278 149
RDN18-1 1659 779 407
RDN18-1 1660 128 91
RDN18-1 1661 49 13
RDN18-1 1662 159 109
RDN18-1 1663 145 85
RDN18-1 1664 733 304
RDN18-1 1665 717 375
RDN18-1 1666 412 174
RDN18-1 1667 215 160
RDN18-1 1668 164 120
RDN18-1 1669 56 20
RDN18-1 1670 151 86
RDN18-1 1671 22 12
RDN18-1 1672 39 20
RDN18-1 1673 114 57
RDN18-1 1674 83 15
RDN18-1 1675 981 521
RDN18-1 1676 109 47
RDN18-1 1677 53 33
RDN18-1 1678 38 66
RDN18-1 1679 41 113
RDN18-1 1680 490 604
RDN18-1 1681 836 11692
RDN18-1 1682 138 145
RDN18-1 1683 76 64
RDN18-1 1684 222 180
RDN18-1 1685 188 105
RDN18-1 1686 1174 492
RDN18-1 1687 564 247
RDN18-1 1688 648 280
RDN18-1 1689 278 350
RDN18-1 1690 193 151
RDN18-1 1691 75 97
RDN18-1 1692 328 277
RDN18-1 1693 115 152
RDN18-1 1694 45 32
RDN18-1 1695 6 13
RDN18-1 1696 36 25
RDN18-1 1697 9 16
RDN18-1 1698 122 109
RDN18-1 1699 93 159
RDN18-1 1700 137 89
RDN18-1 1701 689 1388
RDN18-1 1702 96 264
RDN18-1 1703 638 288
RDN18-1 1704 361 169
RDN18-1 1705 32 24
RDN18-1 1706 749 373
RDN18-1 1707 891 1678
RDN18-1 1708 143 77
RDN18-1 1709 1575 605
RDN18-1 1710 127 50
RDN18-1 1711 152 129
RDN18-1 1712 87 493
RDN18-1 1713 51 42
RDN18-1 1714 143 166
RDN18-1 1715 14 33
RDN18-1 1716 46 36
RDN18-1 1717 30 47
RDN18-1 1718 70 71
RDN18-1 1719 19 22
RDN18-1 1720 95 317
RDN18-1 1721 536 2287
RDN18-1 1722 304 224
RDN18-1 1723 233 106
RDN18-1 1724 38 17
RDN18-1 1725 15 6
RDN18-1 1726 23 8
RDN18-1 1727 505 327
RDN18-1 1728 23 25
RDN18-1 1729 4 1
RDN18-1 1730 140 131
RDN18-1 1731 329 2473
RDN18-1 1732 65 43
RDN18-1 1733 159 80
RDN18-1 1734 20 12
RDN18-1 1735 11 3
RDN18-1 1736 16 17
RDN18-1 1737 218 232
RDN18-1 1738 4 9
RDN18-1 1739 342 109
RDN18-1 1740 196 105
RDN18-1 1741 286 125
RDN18-1 1742 123 48
RDN18-1 1743 26 16
RDN18-1 1744 13 3
RDN18-1 1745 7 4
RDN18-1 1746 1 0
RDN18-1 1747 3 5
RDN18-1 1748 7 18
RDN18-1 1749 55 297
RDN18-1 1750 25 31
RDN18-1 1751 34 15
RDN18-1 1752 0 0
RDN18-1 1753 2 0
RDN18-1 1754 4 14
RDN18-1 1755 3 5
RDN18-1 1756 18 18
RDN18-1 1757 54 43
RDN18-1 1758 0 0
RDN18-1 1759 0 0
RDN18-1 1760 3 6
RDN18-1 1761 3 0
RDN18-1 1762 11 12
RDN18-1 1763 2 0
RDN18-1 1764 6 3
RDN18-1 1765 1 0
RDN18-1 1766 0 0
RDN18-1 1767 0 0
RDN18-1 1768 1 0
RDN18-1 1769 1 0
RDN18-1 1770 2 1
RDN18-1 1771 0 0
RDN18-1 1772 0 0
RDN18-1 1773 0 0
RDN18-1 1774 0 0
RDN18-1 1775 0 0
RDN18-1 1776 0 0
RDN18-1 1777 0 0
RDN18-1 1778 0 0
RDN18-1 1779 0 0
RDN18-1 1780 8 0
RDN18-1 1781 0 0
RDN18-1 1782 0 0
RDN18-1 1783 0 0
RDN18-1 1784 0 0
RDN18-1 1785 0 0
RDN18-1 1786 0 0
RDN18-1 1787 0 0
RDN18-1 1788 0 0
RDN18-1 1789 0 0
RDN18-1 1790 0 0
RDN18-1 1791 0 0
RDN18-1 1792 0 0
RDN18-1 1793 0 0
RDN18-1 1794 0 0
RDN18-1 1795 0 0
RDN18-1 1796 0 0
RDN18-1 1797 0 0
RDN18-1 1798 0 0
RDN18-1 1799 0 0
RDN18-1 1800 0 0
