PWR1 1 0 0
PWR1 2 0 0
PWR1 3 0 0
PWR1 4 0 0
PWR1 5 0 0
PWR1 6 0 0
PWR1 7 0 0
PWR1 8 0 0
PWR1 9 0 0
PWR1 10 0 0
PWR1 11 0 0
PWR1 12 0 0
PWR1 13 0 0
PWR1 14 0 0
PWR1 15 0 0
PWR1 16 0 0
PWR1 17 0 0
PWR1 18 0 0
PWR1 19 0 0
PWR1 20 0 0
PWR1 21 0 0
PWR1 22 0 0
PWR1 23 0 0
PWR1 24 0 0
PWR1 25 0 0
PWR1 26 0 0
PWR1 27 0 0
PWR1 28 0 0
PWR1 29 0 0
PWR1 30 0 0
PWR1 31 0 0
PWR1 32 0 0
PWR1 33 0 0
PWR1 34 0 0
PWR1 35 0 0
PWR1 36 0 0
PWR1 37 0 0
PWR1 38 0 0
PWR1 39 0 0
PWR1 40 0 0
PWR1 41 0 0
PWR1 42 0 0
PWR1 43 0 0
PWR1 44 0 0
PWR1 45 0 0
PWR1 46 0 0
PWR1 47 0 0
PWR1 48 0 0
PWR1 49 0 0
PWR1 50 0 0
PWR1 51 0 0
PWR1 52 0 0
PWR1 53 0 0
PWR1 54 0 0
PWR1 55 0 0
PWR1 56 0 0
PWR1 57 0 0
PWR1 58 0 0
PWR1 59 0 0
PWR1 60 0 0
PWR1 61 0 0
PWR1 62 0 0
PWR1 63 0 0
PWR1 64 0 0
PWR1 65 0 0
PWR1 66 0 0
PWR1 67 0 0
PWR1 68 0 0
PWR1 69 0 0
PWR1 70 0 0
PWR1 71 0 0
PWR1 72 0 0
PWR1 73 0 0
PWR1 74 0 0
PWR1 75 0 0
PWR1 76 0 0
PWR1 77 0 0
PWR1 78 0 0
PWR1 79 0 0
PWR1 80 0 0
PWR1 81 0 0
PWR1 82 0 0
PWR1 83 0 0
PWR1 84 0 0
PWR1 85 0 0
PWR1 86 0 0
PWR1 87 0 0
PWR1 88 0 0
PWR1 89 0 0
PWR1 90 0 0
PWR1 91 0 0
PWR1 92 0 0
PWR1 93 0 0
PWR1 94 0 0
PWR1 95 0 0
PWR1 96 0 0
PWR1 97 0 0
PWR1 98 0 0
PWR1 99 0 0
PWR1 100 0 0
PWR1 101 0 0
PWR1 102 0 0
PWR1 103 0 0
PWR1 104 0 0
PWR1 105 0 0
PWR1 106 0 0
PWR1 107 0 0
PWR1 108 0 0
PWR1 109 0 0
PWR1 110 0 0
PWR1 111 0 0
PWR1 112 0 0
PWR1 113 0 0
PWR1 114 0 0
PWR1 115 0 0
PWR1 116 0 0
PWR1 117 0 0
PWR1 118 0 0
PWR1 119 0 0
PWR1 120 0 0
PWR1 121 0 0
PWR1 122 0 0
PWR1 123 0 0
PWR1 124 0 0
PWR1 125 0 0
PWR1 126 0 0
PWR1 127 0 0
PWR1 128 0 0
PWR1 129 0 0
PWR1 130 0 0
PWR1 131 0 0
PWR1 132 0 0
PWR1 133 0 0
PWR1 134 0 0
PWR1 135 0 0
PWR1 136 0 0
PWR1 137 0 0
PWR1 138 0 0
PWR1 139 0 0
PWR1 140 0 0
PWR1 141 0 0
PWR1 142 0 0
PWR1 143 0 0
PWR1 144 0 0
PWR1 145 0 0
PWR1 146 0 0
PWR1 147 0 0
PWR1 148 0 0
PWR1 149 0 0
PWR1 150 0 0
PWR1 151 0 0
PWR1 152 0 0
PWR1 153 0 0
PWR1 154 0 0
PWR1 155 0 0
PWR1 156 0 0
PWR1 157 0 0
PWR1 158 0 0
PWR1 159 0 0
PWR1 160 0 0
PWR1 161 0 0
PWR1 162 0 0
PWR1 163 0 0
PWR1 164 0 0
PWR1 165 0 0
PWR1 166 0 0
PWR1 167 0 0
PWR1 168 0 0
PWR1 169 0 0
PWR1 170 0 0
PWR1 171 0 0
PWR1 172 0 0
PWR1 173 0 0
PWR1 174 0 0
PWR1 175 0 0
PWR1 176 0 0
PWR1 177 0 0
PWR1 178 0 0
PWR1 179 0 0
PWR1 180 0 0
PWR1 181 0 0
PWR1 182 0 0
PWR1 183 0 0
PWR1 184 0 0
PWR1 185 0 0
PWR1 186 0 0
PWR1 187 0 0
PWR1 188 0 0
PWR1 189 0 0
PWR1 190 0 0
PWR1 191 0 0
PWR1 192 0 0
PWR1 193 0 0
PWR1 194 0 0
PWR1 195 0 0
PWR1 196 0 0
PWR1 197 0 0
PWR1 198 0 0
PWR1 199 0 0
PWR1 200 0 0
PWR1 201 0 0
PWR1 202 0 0
PWR1 203 0 0
PWR1 204 0 0
PWR1 205 0 0
PWR1 206 0 0
PWR1 207 0 0
PWR1 208 0 0
PWR1 209 0 0
PWR1 210 0 0
PWR1 211 0 0
PWR1 212 0 0
PWR1 213 0 0
PWR1 214 0 0
PWR1 215 0 0
PWR1 216 0 0
PWR1 217 0 0
PWR1 218 0 0
PWR1 219 0 0
PWR1 220 0 0
PWR1 221 0 0
PWR1 222 0 0
PWR1 223 0 0
PWR1 224 0 0
PWR1 225 0 0
PWR1 226 0 0
PWR1 227 0 0
PWR1 228 0 0
PWR1 229 0 0
PWR1 230 0 0
PWR1 231 0 0
PWR1 232 0 0
PWR1 233 0 0
PWR1 234 0 0
PWR1 235 0 0
PWR1 236 0 0
PWR1 237 0 0
PWR1 238 0 0
PWR1 239 0 0
PWR1 240 0 0
PWR1 241 0 0
PWR1 242 0 0
PWR1 243 0 0
PWR1 244 0 0
PWR1 245 0 0
PWR1 246 0 0
PWR1 247 0 0
PWR1 248 0 0
PWR1 249 0 0
PWR1 250 0 0
PWR1 251 0 0
PWR1 252 0 0
PWR1 253 0 0
PWR1 254 0 0
PWR1 255 0 0
PWR1 256 0 0
PWR1 257 0 0
PWR1 258 0 0
PWR1 259 0 0
PWR1 260 0 0
PWR1 261 0 0
PWR1 262 0 0
PWR1 263 0 0
PWR1 264 0 0
PWR1 265 0 0
PWR1 266 0 0
PWR1 267 0 0
PWR1 268 0 0
PWR1 269 0 0
PWR1 270 0 0
PWR1 271 0 0
PWR1 272 0 0
PWR1 273 0 0
PWR1 274 0 0
PWR1 275 0 0
PWR1 276 0 0
PWR1 277 0 0
PWR1 278 0 0
PWR1 279 0 0
PWR1 280 0 0
PWR1 281 0 0
PWR1 282 0 0
PWR1 283 0 0
PWR1 284 0 0
PWR1 285 0 0
PWR1 286 0 0
PWR1 287 0 0
PWR1 288 0 0
PWR1 289 0 0
PWR1 290 0 0
PWR1 291 0 0
PWR1 292 0 0
PWR1 293 0 0
PWR1 294 0 0
PWR1 295 0 0
PWR1 296 0 0
PWR1 297 0 0
PWR1 298 0 0
PWR1 299 0 0
PWR1 300 0 0
PWR1 301 0 0
PWR1 302 0 0
PWR1 303 0 0
PWR1 304 0 0
PWR1 305 0 0
PWR1 306 0 0
PWR1 307 0 0
PWR1 308 0 0
PWR1 309 0 0
PWR1 310 0 0
PWR1 311 0 0
PWR1 312 0 0
PWR1 313 0 0
PWR1 314 0 0
PWR1 315 0 0
PWR1 316 0 0
PWR1 317 0 0
PWR1 318 0 0
PWR1 319 0 0
PWR1 320 0 0
PWR1 321 0 0
PWR1 322 0 0
PWR1 323 0 0
PWR1 324 0 0
PWR1 325 0 0
PWR1 326 0 0
PWR1 327 0 0
PWR1 328 0 0
PWR1 329 0 0
PWR1 330 0 0
PWR1 331 0 0
PWR1 332 0 0
PWR1 333 0 0
PWR1 334 0 0
PWR1 335 0 0
PWR1 336 0 0
PWR1 337 0 0
PWR1 338 0 0
PWR1 339 0 0
PWR1 340 0 0
PWR1 341 0 0
PWR1 342 0 0
PWR1 343 0 0
PWR1 344 0 0
PWR1 345 0 0
PWR1 346 0 0
PWR1 347 0 0
PWR1 348 0 0
PWR1 349 0 0
PWR1 350 0 0
PWR1 351 0 0
PWR1 352 0 0
PWR1 353 0 0
PWR1 354 0 0
PWR1 355 0 0
PWR1 356 0 0
PWR1 357 0 0
PWR1 358 0 0
PWR1 359 0 0
PWR1 360 0 0
PWR1 361 0 0
PWR1 362 0 0
PWR1 363 0 0
PWR1 364 0 0
PWR1 365 0 0
PWR1 366 0 0
PWR1 367 0 0
PWR1 368 0 0
PWR1 369 0 0
PWR1 370 0 0
PWR1 371 0 0
PWR1 372 0 0
PWR1 373 0 0
PWR1 374 0 0
PWR1 375 0 0
PWR1 376 0 0
PWR1 377 0 0
PWR1 378 0 0
PWR1 379 0 0
PWR1 380 0 0
PWR1 381 0 0
PWR1 382 0 0
PWR1 383 0 0
PWR1 384 0 0
PWR1 385 0 0
PWR1 386 0 0
PWR1 387 0 0
PWR1 388 0 0
PWR1 389 0 0
PWR1 390 0 0
PWR1 391 0 0
PWR1 392 0 0
PWR1 393 0 0
PWR1 394 0 0
PWR1 395 0 0
PWR1 396 0 0
PWR1 397 0 0
PWR1 398 0 0
PWR1 399 0 0
PWR1 400 0 0
PWR1 401 0 0
PWR1 402 0 0
PWR1 403 0 0
PWR1 404 0 0
PWR1 405 0 0
PWR1 406 0 0
PWR1 407 0 0
PWR1 408 0 0
PWR1 409 0 0
PWR1 410 0 0
PWR1 411 0 0
PWR1 412 0 0
PWR1 413 0 0
PWR1 414 0 0
PWR1 415 0 0
PWR1 416 0 0
PWR1 417 0 0
PWR1 418 0 0
PWR1 419 0 0
PWR1 420 0 0
PWR1 421 0 0
PWR1 422 0 0
PWR1 423 0 0
PWR1 424 0 0
PWR1 425 0 0
PWR1 426 0 0
PWR1 427 0 0
PWR1 428 0 0
PWR1 429 0 0
PWR1 430 0 0
PWR1 431 0 0
PWR1 432 0 0
PWR1 433 0 0
PWR1 434 0 0
PWR1 435 0 0
PWR1 436 0 0
PWR1 437 0 0
PWR1 438 0 0
PWR1 439 0 0
PWR1 440 0 0
PWR1 441 0 0
PWR1 442 0 0
PWR1 443 0 0
PWR1 444 0 0
PWR1 445 0 0
PWR1 446 0 0
PWR1 447 0 0
PWR1 448 0 0
PWR1 449 0 0
PWR1 450 0 0
PWR1 451 0 0
PWR1 452 0 0
PWR1 453 0 0
PWR1 454 0 0
PWR1 455 0 0
PWR1 456 0 0
PWR1 457 0 0
PWR1 458 0 0
PWR1 459 0 0
PWR1 460 0 0
PWR1 461 0 0
PWR1 462 0 0
PWR1 463 0 0
PWR1 464 0 0
PWR1 465 0 0
PWR1 466 0 0
PWR1 467 0 0
PWR1 468 0 0
PWR1 469 0 0
PWR1 470 0 0
PWR1 471 0 0
PWR1 472 0 0
PWR1 473 0 0
PWR1 474 0 0
PWR1 475 0 0
PWR1 476 0 0
PWR1 477 0 0
PWR1 478 0 0
PWR1 479 0 0
PWR1 480 0 0
PWR1 481 0 0
PWR1 482 0 0
PWR1 483 0 0
PWR1 484 0 0
PWR1 485 0 0
PWR1 486 0 0
PWR1 487 0 0
PWR1 488 0 0
PWR1 489 0 0
PWR1 490 0 0
PWR1 491 0 0
PWR1 492 0 0
PWR1 493 0 0
PWR1 494 0 0
PWR1 495 0 0
PWR1 496 0 0
PWR1 497 0 0
PWR1 498 0 0
PWR1 499 0 0
PWR1 500 0 0
PWR1 501 0 0
PWR1 502 0 0
PWR1 503 0 0
PWR1 504 0 0
PWR1 505 0 0
PWR1 506 0 0
PWR1 507 0 0
PWR1 508 0 0
PWR1 509 0 0
PWR1 510 0 0
PWR1 511 0 0
PWR1 512 0 0
PWR1 513 0 0
PWR1 514 0 0
PWR1 515 0 0
PWR1 516 0 0
PWR1 517 0 0
PWR1 518 0 0
PWR1 519 0 0
PWR1 520 0 0
PWR1 521 0 0
PWR1 522 0 0
PWR1 523 0 0
PWR1 524 0 0
PWR1 525 0 0
PWR1 526 0 0
PWR1 527 0 0
PWR1 528 0 0
PWR1 529 0 0
PWR1 530 0 0
PWR1 531 0 0
PWR1 532 0 0
PWR1 533 0 0
PWR1 534 0 0
PWR1 535 0 0
PWR1 536 0 0
PWR1 537 0 0
PWR1 538 0 0
PWR1 539 0 0
PWR1 540 0 0
PWR1 541 0 0
PWR1 542 0 0
PWR1 543 0 0
PWR1 544 0 0
PWR1 545 0 0
PWR1 546 0 0
PWR1 547 0 0
PWR1 548 0 0
PWR1 549 0 0
PWR1 550 0 0
PWR1 551 0 0
PWR1 552 0 0
PWR1 553 0 0
PWR1 554 0 0
PWR1 555 0 0
PWR1 556 0 0
PWR1 557 0 0
PWR1 558 0 0
PWR1 559 0 0
PWR1 560 0 0
PWR1 561 0 0
PWR1 562 0 0
PWR1 563 0 0
PWR1 564 0 0
PWR1 565 0 0
PWR1 566 0 0
PWR1 567 0 0
PWR1 568 0 0
PWR1 569 0 0
PWR1 570 0 0
PWR1 571 0 0
PWR1 572 0 0
PWR1 573 0 0
PWR1 574 0 0
PWR1 575 0 0
PWR1 576 0 0
PWR1 577 0 0
PWR1 578 0 0
PWR1 579 0 0
PWR1 580 0 0
PWR1 581 0 0
PWR1 582 0 0
PWR1 583 0 0
PWR1 584 0 0
PWR1 585 0 0
PWR1 586 0 0
PWR1 587 0 0
PWR1 588 0 0
PWR1 589 0 0
PWR1 590 0 0
PWR1 591 0 0
PWR1 592 0 0
PWR1 593 0 0
PWR1 594 0 0
PWR1 595 0 0
PWR1 596 0 0
PWR1 597 0 0
PWR1 598 0 0
PWR1 599 0 0
PWR1 600 0 0
PWR1 601 0 0
PWR1 602 0 0
PWR1 603 0 0
PWR1 604 0 0
PWR1 605 0 0
PWR1 606 0 0
PWR1 607 0 0
PWR1 608 0 0
PWR1 609 0 0
PWR1 610 0 0
PWR1 611 0 0
PWR1 612 0 0
PWR1 613 0 0
PWR1 614 0 0
PWR1 615 0 0
PWR1 616 0 0
PWR1 617 0 0
PWR1 618 0 0
PWR1 619 0 0
PWR1 620 0 0
PWR1 621 0 0
PWR1 622 0 0
PWR1 623 0 0
PWR1 624 0 0
PWR1 625 0 0
PWR1 626 0 0
PWR1 627 0 0
PWR1 628 0 0
PWR1 629 0 0
PWR1 630 0 0
PWR1 631 0 0
PWR1 632 0 0
PWR1 633 0 0
PWR1 634 0 0
PWR1 635 0 0
PWR1 636 0 0
PWR1 637 0 0
PWR1 638 0 0
PWR1 639 0 0
PWR1 640 0 0
PWR1 641 0 0
PWR1 642 0 0
PWR1 643 0 0
PWR1 644 0 0
PWR1 645 0 0
PWR1 646 0 0
PWR1 647 0 0
PWR1 648 0 0
PWR1 649 0 0
PWR1 650 0 0
PWR1 651 0 0
PWR1 652 0 0
PWR1 653 0 0
PWR1 654 0 0
PWR1 655 0 0
PWR1 656 0 0
PWR1 657 0 0
PWR1 658 0 0
PWR1 659 0 0
PWR1 660 0 0
PWR1 661 0 0
PWR1 662 0 0
PWR1 663 0 0
PWR1 664 0 0
PWR1 665 0 0
PWR1 666 0 0
PWR1 667 0 0
PWR1 668 0 0
PWR1 669 0 0
PWR1 670 0 0
PWR1 671 0 0
PWR1 672 0 0
PWR1 673 0 0
PWR1 674 0 0
PWR1 675 0 0
PWR1 676 0 0
PWR1 677 0 0
PWR1 678 0 0
PWR1 679 0 0
PWR1 680 0 0
PWR1 681 0 0
PWR1 682 0 0
PWR1 683 0 0
PWR1 684 0 0
PWR1 685 0 0
PWR1 686 0 0
PWR1 687 0 0
PWR1 688 0 0
PWR1 689 0 0
PWR1 690 0 0
PWR1 691 0 0
PWR1 692 0 0
PWR1 693 0 0
PWR1 694 0 0
PWR1 695 0 0
PWR1 696 0 0
PWR1 697 0 0
PWR1 698 0 0
PWR1 699 0 0
PWR1 700 0 0
PWR1 701 0 0
PWR1 702 0 0
PWR1 703 0 0
PWR1 704 0 0
PWR1 705 0 0
PWR1 706 0 0
PWR1 707 0 0
PWR1 708 0 0
PWR1 709 0 0
PWR1 710 0 0
PWR1 711 0 0
PWR1 712 0 0
PWR1 713 0 0
PWR1 714 0 0
PWR1 715 0 0
PWR1 716 0 0
PWR1 717 0 0
PWR1 718 0 0
PWR1 719 0 0
PWR1 720 0 0
PWR1 721 0 0
PWR1 722 0 0
PWR1 723 0 0
PWR1 724 0 0
PWR1 725 0 0
PWR1 726 0 0
PWR1 727 0 0
PWR1 728 0 0
PWR1 729 0 0
PWR1 730 0 0
PWR1 731 0 0
PWR1 732 0 0
PWR1 733 0 0
PWR1 734 0 0
PWR1 735 0 0
PWR1 736 0 0
PWR1 737 0 0
PWR1 738 0 0
PWR1 739 0 0
PWR1 740 0 0
PWR1 741 0 0
PWR1 742 0 0
PWR1 743 0 0
PWR1 744 0 0
PWR1 745 0 0
PWR1 746 0 0
PWR1 747 0 0
PWR1 748 0 0
PWR1 749 0 0
PWR1 750 0 0
PWR1 751 0 0
PWR1 752 0 0
PWR1 753 0 0
PWR1 754 0 0
PWR1 755 0 0
PWR1 756 0 0
PWR1 757 0 0
PWR1 758 0 0
PWR1 759 0 0
PWR1 760 0 0
PWR1 761 0 0
PWR1 762 0 0
PWR1 763 0 0
PWR1 764 0 0
PWR1 765 0 0
PWR1 766 0 0
PWR1 767 0 0
PWR1 768 0 0
PWR1 769 0 0
PWR1 770 0 0
PWR1 771 0 0
PWR1 772 0 0
PWR1 773 0 0
PWR1 774 0 0
PWR1 775 0 0
PWR1 776 0 0
PWR1 777 0 0
PWR1 778 0 0
PWR1 779 0 0
PWR1 780 0 0
PWR1 781 0 0
PWR1 782 0 0
PWR1 783 0 0
PWR1 784 0 0
PWR1 785 0 0
PWR1 786 0 0
PWR1 787 0 0
PWR1 788 0 0
PWR1 789 0 0
PWR1 790 0 0
PWR1 791 0 0
PWR1 792 0 0
PWR1 793 0 0
PWR1 794 0 0
PWR1 795 0 0
PWR1 796 0 0
PWR1 797 0 0
PWR1 798 0 0
PWR1 799 0 0
PWR1 800 0 0
PWR1 801 0 0
PWR1 802 0 0
PWR1 803 0 0
PWR1 804 0 0
PWR1 805 0 0
PWR1 806 0 0
PWR1 807 0 0
PWR1 808 0 0
PWR1 809 0 0
PWR1 810 0 0
PWR1 811 0 0
PWR1 812 0 0
PWR1 813 0 0
PWR1 814 0 0
PWR1 815 0 0
PWR1 816 0 0
PWR1 817 0 0
PWR1 818 0 0
PWR1 819 0 0
PWR1 820 0 0
PWR1 821 0 0
PWR1 822 0 0
PWR1 823 0 0
PWR1 824 0 0
PWR1 825 0 0
PWR1 826 0 0
PWR1 827 0 0
PWR1 828 0 0
PWR1 829 0 0
PWR1 830 0 0
PWR1 831 0 0
PWR1 832 0 0
PWR1 833 0 0
PWR1 834 0 0
PWR1 835 0 0
PWR1 836 0 0
PWR1 837 0 0
PWR1 838 0 0
PWR1 839 0 0
PWR1 840 0 0
PWR1 841 0 0
PWR1 842 0 0
PWR1 843 0 0
PWR1 844 0 0
PWR1 845 0 0
PWR1 846 0 0
PWR1 847 0 0
PWR1 848 0 0
PWR1 849 0 0
PWR1 850 0 0
PWR1 851 0 0
PWR1 852 0 0
PWR1 853 0 0
PWR1 854 0 0
PWR1 855 0 0
PWR1 856 0 0
PWR1 857 0 0
PWR1 858 0 0
PWR1 859 0 0
PWR1 860 0 0
PWR1 861 0 0
PWR1 862 0 0
PWR1 863 0 0
PWR1 864 0 0
PWR1 865 0 0
PWR1 866 0 0
PWR1 867 0 0
PWR1 868 0 0
PWR1 869 0 0
PWR1 870 0 0
PWR1 871 0 0
PWR1 872 0 0
PWR1 873 0 0
PWR1 874 0 0
PWR1 875 0 0
PWR1 876 0 0
PWR1 877 0 0
PWR1 878 0 0
PWR1 879 0 0
PWR1 880 0 0
PWR1 881 0 0
PWR1 882 0 0
PWR1 883 0 0
PWR1 884 0 0
PWR1 885 0 0
PWR1 886 0 0
PWR1 887 0 0
PWR1 888 0 0
PWR1 889 0 0
PWR1 890 0 0
PWR1 891 0 0
PWR1 892 0 0
PWR1 893 0 0
PWR1 894 0 0
PWR1 895 0 0
PWR1 896 0 0
PWR1 897 0 0
PWR1 898 0 0
PWR1 899 0 0
PWR1 900 0 0
PWR1 901 0 0
PWR1 902 0 0
PWR1 903 0 0
PWR1 904 0 0
PWR1 905 0 0
PWR1 906 0 0
PWR1 907 0 0
PWR1 908 0 0
PWR1 909 0 0
PWR1 910 0 0
PWR1 911 0 0
PWR1 912 0 0
PWR1 913 0 0
PWR1 914 0 0
PWR1 915 0 0
PWR1 916 0 0
PWR1 917 0 0
PWR1 918 0 0
PWR1 919 0 0
PWR1 920 0 0
PWR1 921 0 0
PWR1 922 0 0
PWR1 923 0 0
PWR1 924 0 0
PWR1 925 0 0
PWR1 926 0 0
PWR1 927 0 0
PWR1 928 0 0
PWR1 929 0 0
PWR1 930 0 0
PWR1 931 0 0
PWR1 932 0 0
PWR1 933 0 0
PWR1 934 0 0
PWR1 935 0 0
PWR1 936 0 0
PWR1 937 0 0
PWR1 938 0 0
PWR1 939 0 0
PWR1 940 0 0
PWR1 941 0 0
